------------------
Step 1 - 8 @ R1C1
------------------
8 4 0 0 0 0 1 7 9
0 0 2 0 0 8 0 5 4
0 0 6 0 0 5 0 0 8
0 8 0 0 7 0 9 1 0
0 5 0 0 9 0 0 3 0
0 1 9 0 6 0 0 4 0
3 0 0 4 0 0 7 0 0
5 7 0 1 0 0 2 0 0
9 2 8 0 0 0 0 6 0
------------------
Step 2 - 3 @ R3C7
------------------
8 4 0 0 0 0 1 7 9
0 0 2 0 0 8 0 5 4
0 0 6 0 0 5 3 0 8
0 8 0 0 7 0 9 1 0
0 5 0 0 9 0 0 3 0
0 1 9 0 6 0 0 4 0
3 0 0 4 0 0 7 0 0
5 7 0 1 0 0 2 0 0
9 2 8 0 0 0 0 6 0
------------------
Step 3 - 6 @ R2C7
------------------
8 4 0 0 0 0 1 7 9
0 0 2 0 0 8 6 5 4
0 0 6 0 0 5 3 0 8
0 8 0 0 7 0 9 1 0
0 5 0 0 9 0 0 3 0
0 1 9 0 6 0 0 4 0
3 0 0 4 0 0 7 0 0
5 7 0 1 0 0 2 0 0
9 2 8 0 0 0 0 6 0
------------------
Step 4 - 9 @ R3C2
------------------
8 4 0 0 0 0 1 7 9
0 0 2 0 0 8 6 5 4
0 9 6 0 0 5 3 0 8
0 8 0 0 7 0 9 1 0
0 5 0 0 9 0 0 3 0
0 1 9 0 6 0 0 4 0
3 0 0 4 0 0 7 0 0
5 7 0 1 0 0 2 0 0
9 2 8 0 0 0 0 6 0
------------------
Step 5 - 3 @ R2C2
------------------
8 4 0 0 0 0 1 7 9
0 3 2 0 0 8 6 5 4
0 9 6 0 0 5 3 0 8
0 8 0 0 7 0 9 1 0
0 5 0 0 9 0 0 3 0
0 1 9 0 6 0 0 4 0
3 0 0 4 0 0 7 0 0
5 7 0 1 0 0 2 0 0
9 2 8 0 0 0 0 6 0
------------------
Step 6 - 5 @ R1C3
------------------
8 4 5 0 0 0 1 7 9
0 3 2 0 0 8 6 5 4
0 9 6 0 0 5 3 0 8
0 8 0 0 7 0 9 1 0
0 5 0 0 9 0 0 3 0
0 1 9 0 6 0 0 4 0
3 0 0 4 0 0 7 0 0
5 7 0 1 0 0 2 0 0
9 2 8 0 0 0 0 6 0
------------------
Step 7 - 1 @ R2C5
------------------
8 4 5 0 0 0 1 7 9
0 3 2 0 1 8 6 5 4
0 9 6 0 0 5 3 0 8
0 8 0 0 7 0 9 1 0
0 5 0 0 9 0 0 3 0
0 1 9 0 6 0 0 4 0
3 0 0 4 0 0 7 0 0
5 7 0 1 0 0 2 0 0
9 2 8 0 0 0 0 6 0
------------------
Step 8 - 7 @ R2C1
------------------
8 4 5 0 0 0 1 7 9
7 3 2 0 1 8 6 5 4
0 9 6 0 0 5 3 0 8
0 8 0 0 7 0 9 1 0
0 5 0 0 9 0 0 3 0
0 1 9 0 6 0 0 4 0
3 0 0 4 0 0 7 0 0
5 7 0 1 0 0 2 0 0
9 2 8 0 0 0 0 6 0
------------------
Step 9 - 9 @ R2C4
------------------
8 4 5 0 0 0 1 7 9
7 3 2 9 1 8 6 5 4
0 9 6 0 0 5 3 0 8
0 8 0 0 7 0 9 1 0
0 5 0 0 9 0 0 3 0
0 1 9 0 6 0 0 4 0
3 0 0 4 0 0 7 0 0
5 7 0 1 0 0 2 0 0
9 2 8 0 0 0 0 6 0
------------------
Step 10 - 1 @ R3C1
------------------
8 4 5 0 0 0 1 7 9
7 3 2 9 1 8 6 5 4
1 9 6 0 0 5 3 0 8
0 8 0 0 7 0 9 1 0
0 5 0 0 9 0 0 3 0
0 1 9 0 6 0 0 4 0
3 0 0 4 0 0 7 0 0
5 7 0 1 0 0 2 0 0
9 2 8 0 0 0 0 6 0
------------------
Step 11 - 2 @ R3C8
------------------
8 4 5 0 0 0 1 7 9
7 3 2 9 1 8 6 5 4
1 9 6 0 0 5 3 2 8
0 8 0 0 7 0 9 1 0
0 5 0 0 9 0 0 3 0
0 1 9 0 6 0 0 4 0
3 0 0 4 0 0 7 0 0
5 7 0 1 0 0 2 0 0
9 2 8 0 0 0 0 6 0
------------------
Step 12 - 7 @ R3C4
------------------
8 4 5 0 0 0 1 7 9
7 3 2 9 1 8 6 5 4
1 9 6 7 0 5 3 2 8
0 8 0 0 7 0 9 1 0
0 5 0 0 9 0 0 3 0
0 1 9 0 6 0 0 4 0
3 0 0 4 0 0 7 0 0
5 7 0 1 0 0 2 0 0
9 2 8 0 0 0 0 6 0
------------------
Step 13 - 4 @ R3C5
------------------
8 4 5 0 0 0 1 7 9
7 3 2 9 1 8 6 5 4
1 9 6 7 4 5 3 2 8
0 8 0 0 7 0 9 1 0
0 5 0 0 9 0 0 3 0
0 1 9 0 6 0 0 4 0
3 0 0 4 0 0 7 0 0
5 7 0 1 0 0 2 0 0
9 2 8 0 0 0 0 6 0
------------------
Step 14 - 8 @ R5C7
------------------
8 4 5 0 0 0 1 7 9
7 3 2 9 1 8 6 5 4
1 9 6 7 4 5 3 2 8
0 8 0 0 7 0 9 1 0
0 5 0 0 9 0 8 3 0
0 1 9 0 6 0 0 4 0
3 0 0 4 0 0 7 0 0
5 7 0 1 0 0 2 0 0
9 2 8 0 0 0 0 6 0
------------------
Step 15 - 2 @ R5C4
------------------
8 4 5 0 0 0 1 7 9
7 3 2 9 1 8 6 5 4
1 9 6 7 4 5 3 2 8
0 8 0 0 7 0 9 1 0
0 5 0 2 9 0 8 3 0
0 1 9 0 6 0 0 4 0
3 0 0 4 0 0 7 0 0
5 7 0 1 0 0 2 0 0
9 2 8 0 0 0 0 6 0
------------------
Step 16 - 2 @ R6C1
------------------
8 4 5 0 0 0 1 7 9
7 3 2 9 1 8 6 5 4
1 9 6 7 4 5 3 2 8
0 8 0 0 7 0 9 1 0
0 5 0 2 9 0 8 3 0
2 1 9 0 6 0 0 4 0
3 0 0 4 0 0 7 0 0
5 7 0 1 0 0 2 0 0
9 2 8 0 0 0 0 6 0
------------------
Step 17 - 3 @ R6C6
------------------
8 4 5 0 0 0 1 7 9
7 3 2 9 1 8 6 5 4
1 9 6 7 4 5 3 2 8
0 8 0 0 7 0 9 1 0
0 5 0 2 9 0 8 3 0
2 1 9 0 6 3 0 4 0
3 0 0 4 0 0 7 0 0
5 7 0 1 0 0 2 0 0
9 2 8 0 0 0 0 6 0
------------------
Step 18 - 5 @ R4C4
------------------
8 4 5 0 0 0 1 7 9
7 3 2 9 1 8 6 5 4
1 9 6 7 4 5 3 2 8
0 8 0 5 7 0 9 1 0
0 5 0 2 9 0 8 3 0
2 1 9 0 6 3 0 4 0
3 0 0 4 0 0 7 0 0
5 7 0 1 0 0 2 0 0
9 2 8 0 0 0 0 6 0
------------------
Step 19 - 4 @ R4C6
------------------
8 4 5 0 0 0 1 7 9
7 3 2 9 1 8 6 5 4
1 9 6 7 4 5 3 2 8
0 8 0 5 7 4 9 1 0
0 5 0 2 9 0 8 3 0
2 1 9 0 6 3 0 4 0
3 0 0 4 0 0 7 0 0
5 7 0 1 0 0 2 0 0
9 2 8 0 0 0 0 6 0
------------------
Step 20 - 6 @ R4C1
------------------
8 4 5 0 0 0 1 7 9
7 3 2 9 1 8 6 5 4
1 9 6 7 4 5 3 2 8
6 8 0 5 7 4 9 1 0
0 5 0 2 9 0 8 3 0
2 1 9 0 6 3 0 4 0
3 0 0 4 0 0 7 0 0
5 7 0 1 0 0 2 0 0
9 2 8 0 0 0 0 6 0
------------------
Step 21 - 3 @ R4C3
------------------
8 4 5 0 0 0 1 7 9
7 3 2 9 1 8 6 5 4
1 9 6 7 4 5 3 2 8
6 8 3 5 7 4 9 1 0
0 5 0 2 9 0 8 3 0
2 1 9 0 6 3 0 4 0
3 0 0 4 0 0 7 0 0
5 7 0 1 0 0 2 0 0
9 2 8 0 0 0 0 6 0
------------------
Step 22 - 2 @ R4C9
------------------
8 4 5 0 0 0 1 7 9
7 3 2 9 1 8 6 5 4
1 9 6 7 4 5 3 2 8
6 8 3 5 7 4 9 1 2
0 5 0 2 9 0 8 3 0
2 1 9 0 6 3 0 4 0
3 0 0 4 0 0 7 0 0
5 7 0 1 0 0 2 0 0
9 2 8 0 0 0 0 6 0
------------------
Step 23 - 4 @ R5C1
------------------
8 4 5 0 0 0 1 7 9
7 3 2 9 1 8 6 5 4
1 9 6 7 4 5 3 2 8
6 8 3 5 7 4 9 1 2
4 5 0 2 9 0 8 3 0
2 1 9 0 6 3 0 4 0
3 0 0 4 0 0 7 0 0
5 7 0 1 0 0 2 0 0
9 2 8 0 0 0 0 6 0
------------------
Step 24 - 7 @ R5C3
------------------
8 4 5 0 0 0 1 7 9
7 3 2 9 1 8 6 5 4
1 9 6 7 4 5 3 2 8
6 8 3 5 7 4 9 1 2
4 5 7 2 9 0 8 3 0
2 1 9 0 6 3 0 4 0
3 0 0 4 0 0 7 0 0
5 7 0 1 0 0 2 0 0
9 2 8 0 0 0 0 6 0
------------------
Step 25 - 1 @ R5C6
------------------
8 4 5 0 0 0 1 7 9
7 3 2 9 1 8 6 5 4
1 9 6 7 4 5 3 2 8
6 8 3 5 7 4 9 1 2
4 5 7 2 9 1 8 3 0
2 1 9 0 6 3 0 4 0
3 0 0 4 0 0 7 0 0
5 7 0 1 0 0 2 0 0
9 2 8 0 0 0 0 6 0
------------------
Step 26 - 6 @ R5C9
------------------
8 4 5 0 0 0 1 7 9
7 3 2 9 1 8 6 5 4
1 9 6 7 4 5 3 2 8
6 8 3 5 7 4 9 1 2
4 5 7 2 9 1 8 3 6
2 1 9 0 6 3 0 4 0
3 0 0 4 0 0 7 0 0
5 7 0 1 0 0 2 0 0
9 2 8 0 0 0 0 6 0
------------------
Step 27 - 8 @ R6C4
------------------
8 4 5 0 0 0 1 7 9
7 3 2 9 1 8 6 5 4
1 9 6 7 4 5 3 2 8
6 8 3 5 7 4 9 1 2
4 5 7 2 9 1 8 3 6
2 1 9 8 6 3 0 4 0
3 0 0 4 0 0 7 0 0
5 7 0 1 0 0 2 0 0
9 2 8 0 0 0 0 6 0
------------------
Step 28 - 5 @ R6C7
------------------
8 4 5 0 0 0 1 7 9
7 3 2 9 1 8 6 5 4
1 9 6 7 4 5 3 2 8
6 8 3 5 7 4 9 1 2
4 5 7 2 9 1 8 3 6
2 1 9 8 6 3 5 4 0
3 0 0 4 0 0 7 0 0
5 7 0 1 0 0 2 0 0
9 2 8 0 0 0 0 6 0
------------------
Step 29 - 7 @ R6C9
------------------
8 4 5 0 0 0 1 7 9
7 3 2 9 1 8 6 5 4
1 9 6 7 4 5 3 2 8
6 8 3 5 7 4 9 1 2
4 5 7 2 9 1 8 3 6
2 1 9 8 6 3 5 4 7
3 0 0 4 0 0 7 0 0
5 7 0 1 0 0 2 0 0
9 2 8 0 0 0 0 6 0
------------------
Step 30 - 6 @ R7C2
------------------
8 4 5 0 0 0 1 7 9
7 3 2 9 1 8 6 5 4
1 9 6 7 4 5 3 2 8
6 8 3 5 7 4 9 1 2
4 5 7 2 9 1 8 3 6
2 1 9 8 6 3 5 4 7
3 6 0 4 0 0 7 0 0
5 7 0 1 0 0 2 0 0
9 2 8 0 0 0 0 6 0
------------------
Step 31 - 1 @ R7C3
------------------
8 4 5 0 0 0 1 7 9
7 3 2 9 1 8 6 5 4
1 9 6 7 4 5 3 2 8
6 8 3 5 7 4 9 1 2
4 5 7 2 9 1 8 3 6
2 1 9 8 6 3 5 4 7
3 6 1 4 0 0 7 0 0
5 7 0 1 0 0 2 0 0
9 2 8 0 0 0 0 6 0
------------------
Step 32 - 5 @ R7C9
------------------
8 4 5 0 0 0 1 7 9
7 3 2 9 1 8 6 5 4
1 9 6 7 4 5 3 2 8
6 8 3 5 7 4 9 1 2
4 5 7 2 9 1 8 3 6
2 1 9 8 6 3 5 4 7
3 6 1 4 0 0 7 0 5
5 7 0 1 0 0 2 0 0
9 2 8 0 0 0 0 6 0
------------------
Step 33 - 4 @ R8C3
------------------
8 4 5 0 0 0 1 7 9
7 3 2 9 1 8 6 5 4
1 9 6 7 4 5 3 2 8
6 8 3 5 7 4 9 1 2
4 5 7 2 9 1 8 3 6
2 1 9 8 6 3 5 4 7
3 6 1 4 0 0 7 0 5
5 7 4 1 0 0 2 0 0
9 2 8 0 0 0 0 6 0
------------------
Step 34 - 3 @ R8C9
------------------
8 4 5 0 0 0 1 7 9
7 3 2 9 1 8 6 5 4
1 9 6 7 4 5 3 2 8
6 8 3 5 7 4 9 1 2
4 5 7 2 9 1 8 3 6
2 1 9 8 6 3 5 4 7
3 6 1 4 0 0 7 0 5
5 7 4 1 0 0 2 0 3
9 2 8 0 0 0 0 6 0
------------------
Step 35 - 8 @ R8C5
------------------
8 4 5 0 0 0 1 7 9
7 3 2 9 1 8 6 5 4
1 9 6 7 4 5 3 2 8
6 8 3 5 7 4 9 1 2
4 5 7 2 9 1 8 3 6
2 1 9 8 6 3 5 4 7
3 6 1 4 0 0 7 0 5
5 7 4 1 8 0 2 0 3
9 2 8 0 0 0 0 6 0
------------------
Step 36 - 2 @ R7C5
------------------
8 4 5 0 0 0 1 7 9
7 3 2 9 1 8 6 5 4
1 9 6 7 4 5 3 2 8
6 8 3 5 7 4 9 1 2
4 5 7 2 9 1 8 3 6
2 1 9 8 6 3 5 4 7
3 6 1 4 2 0 7 0 5
5 7 4 1 8 0 2 0 3
9 2 8 0 0 0 0 6 0
------------------
Step 37 - 3 @ R1C5
------------------
8 4 5 0 3 0 1 7 9
7 3 2 9 1 8 6 5 4
1 9 6 7 4 5 3 2 8
6 8 3 5 7 4 9 1 2
4 5 7 2 9 1 8 3 6
2 1 9 8 6 3 5 4 7
3 6 1 4 2 0 7 0 5
5 7 4 1 8 0 2 0 3
9 2 8 0 0 0 0 6 0
------------------
Step 38 - 6 @ R1C4
------------------
8 4 5 6 3 0 1 7 9
7 3 2 9 1 8 6 5 4
1 9 6 7 4 5 3 2 8
6 8 3 5 7 4 9 1 2
4 5 7 2 9 1 8 3 6
2 1 9 8 6 3 5 4 7
3 6 1 4 2 0 7 0 5
5 7 4 1 8 0 2 0 3
9 2 8 0 0 0 0 6 0
------------------
Step 39 - 2 @ R1C6
------------------
8 4 5 6 3 2 1 7 9
7 3 2 9 1 8 6 5 4
1 9 6 7 4 5 3 2 8
6 8 3 5 7 4 9 1 2
4 5 7 2 9 1 8 3 6
2 1 9 8 6 3 5 4 7
3 6 1 4 2 0 7 0 5
5 7 4 1 8 0 2 0 3
9 2 8 0 0 0 0 6 0
------------------
Step 40 - 9 @ R7C6
------------------
8 4 5 6 3 2 1 7 9
7 3 2 9 1 8 6 5 4
1 9 6 7 4 5 3 2 8
6 8 3 5 7 4 9 1 2
4 5 7 2 9 1 8 3 6
2 1 9 8 6 3 5 4 7
3 6 1 4 2 9 7 0 5
5 7 4 1 8 0 2 0 3
9 2 8 0 0 0 0 6 0
------------------
Step 41 - 8 @ R7C8
------------------
8 4 5 6 3 2 1 7 9
7 3 2 9 1 8 6 5 4
1 9 6 7 4 5 3 2 8
6 8 3 5 7 4 9 1 2
4 5 7 2 9 1 8 3 6
2 1 9 8 6 3 5 4 7
3 6 1 4 2 9 7 8 5
5 7 4 1 8 0 2 0 3
9 2 8 0 0 0 0 6 0
------------------
Step 42 - 6 @ R8C6
------------------
8 4 5 6 3 2 1 7 9
7 3 2 9 1 8 6 5 4
1 9 6 7 4 5 3 2 8
6 8 3 5 7 4 9 1 2
4 5 7 2 9 1 8 3 6
2 1 9 8 6 3 5 4 7
3 6 1 4 2 9 7 8 5
5 7 4 1 8 6 2 0 3
9 2 8 0 0 0 0 6 0
------------------
Step 43 - 9 @ R8C8
------------------
8 4 5 6 3 2 1 7 9
7 3 2 9 1 8 6 5 4
1 9 6 7 4 5 3 2 8
6 8 3 5 7 4 9 1 2
4 5 7 2 9 1 8 3 6
2 1 9 8 6 3 5 4 7
3 6 1 4 2 9 7 8 5
5 7 4 1 8 6 2 9 3
9 2 8 0 0 0 0 6 0
------------------
Step 44 - 3 @ R9C4
------------------
8 4 5 6 3 2 1 7 9
7 3 2 9 1 8 6 5 4
1 9 6 7 4 5 3 2 8
6 8 3 5 7 4 9 1 2
4 5 7 2 9 1 8 3 6
2 1 9 8 6 3 5 4 7
3 6 1 4 2 9 7 8 5
5 7 4 1 8 6 2 9 3
9 2 8 3 0 0 0 6 0
------------------
Step 45 - 5 @ R9C5
------------------
8 4 5 6 3 2 1 7 9
7 3 2 9 1 8 6 5 4
1 9 6 7 4 5 3 2 8
6 8 3 5 7 4 9 1 2
4 5 7 2 9 1 8 3 6
2 1 9 8 6 3 5 4 7
3 6 1 4 2 9 7 8 5
5 7 4 1 8 6 2 9 3
9 2 8 3 5 0 0 6 0
------------------
Step 46 - 7 @ R9C6
------------------
8 4 5 6 3 2 1 7 9
7 3 2 9 1 8 6 5 4
1 9 6 7 4 5 3 2 8
6 8 3 5 7 4 9 1 2
4 5 7 2 9 1 8 3 6
2 1 9 8 6 3 5 4 7
3 6 1 4 2 9 7 8 5
5 7 4 1 8 6 2 9 3
9 2 8 3 5 7 0 6 0
------------------
Step 47 - 4 @ R9C7
------------------
8 4 5 6 3 2 1 7 9
7 3 2 9 1 8 6 5 4
1 9 6 7 4 5 3 2 8
6 8 3 5 7 4 9 1 2
4 5 7 2 9 1 8 3 6
2 1 9 8 6 3 5 4 7
3 6 1 4 2 9 7 8 5
5 7 4 1 8 6 2 9 3
9 2 8 3 5 7 4 6 0
------------------
Step 48 - 1 @ R9C9
------------------
8 4 5 6 3 2 1 7 9
7 3 2 9 1 8 6 5 4
1 9 6 7 4 5 3 2 8
6 8 3 5 7 4 9 1 2
4 5 7 2 9 1 8 3 6
2 1 9 8 6 3 5 4 7
3 6 1 4 2 9 7 8 5
5 7 4 1 8 6 2 9 3
9 2 8 3 5 7 4 6 1
------------------