------------------
Step 1 - 4 @ R1C4
------------------
8 0 2 4 5 0 7 0 1
0 0 7 0 8 2 4 6 0
0 1 0 9 0 0 0 0 0
6 0 0 0 0 1 8 3 2
5 0 0 0 0 0 0 0 9
1 8 4 3 0 0 0 0 6
0 0 0 0 0 4 0 2 0
0 9 5 6 1 0 3 0 0
3 0 8 0 9 0 6 0 7
------------------
Step 2 - 9 @ R1C8
------------------
8 0 2 4 5 0 7 9 1
0 0 7 0 8 2 4 6 0
0 1 0 9 0 0 0 0 0
6 0 0 0 0 1 8 3 2
5 0 0 0 0 0 0 0 9
1 8 4 3 0 0 0 0 6
0 0 0 0 0 4 0 2 0
0 9 5 6 1 0 3 0 0
3 0 8 0 9 0 6 0 7
------------------
Step 3 - 9 @ R2C1
------------------
8 0 2 4 5 0 7 9 1
9 0 7 0 8 2 4 6 0
0 1 0 9 0 0 0 0 0
6 0 0 0 0 1 8 3 2
5 0 0 0 0 0 0 0 9
1 8 4 3 0 0 0 0 6
0 0 0 0 0 4 0 2 0
0 9 5 6 1 0 3 0 0
3 0 8 0 9 0 6 0 7
------------------
Step 4 - 1 @ R2C4
------------------
8 0 2 4 5 0 7 9 1
9 0 7 1 8 2 4 6 0
0 1 0 9 0 0 0 0 0
6 0 0 0 0 1 8 3 2
5 0 0 0 0 0 0 0 9
1 8 4 3 0 0 0 0 6
0 0 0 0 0 4 0 2 0
0 9 5 6 1 0 3 0 0
3 0 8 0 9 0 6 0 7
------------------
Step 5 - 4 @ R3C1
------------------
8 0 2 4 5 0 7 9 1
9 0 7 1 8 2 4 6 0
4 1 0 9 0 0 0 0 0
6 0 0 0 0 1 8 3 2
5 0 0 0 0 0 0 0 9
1 8 4 3 0 0 0 0 6
0 0 0 0 0 4 0 2 0
0 9 5 6 1 0 3 0 0
3 0 8 0 9 0 6 0 7
------------------
Step 6 - 7 @ R4C2
------------------
8 0 2 4 5 0 7 9 1
9 0 7 1 8 2 4 6 0
4 1 0 9 0 0 0 0 0
6 7 0 0 0 1 8 3 2
5 0 0 0 0 0 0 0 9
1 8 4 3 0 0 0 0 6
0 0 0 0 0 4 0 2 0
0 9 5 6 1 0 3 0 0
3 0 8 0 9 0 6 0 7
------------------
Step 7 - 9 @ R4C3
------------------
8 0 2 4 5 0 7 9 1
9 0 7 1 8 2 4 6 0
4 1 0 9 0 0 0 0 0
6 7 9 0 0 1 8 3 2
5 0 0 0 0 0 0 0 9
1 8 4 3 0 0 0 0 6
0 0 0 0 0 4 0 2 0
0 9 5 6 1 0 3 0 0
3 0 8 0 9 0 6 0 7
------------------
Step 8 - 5 @ R4C4
------------------
8 0 2 4 5 0 7 9 1
9 0 7 1 8 2 4 6 0
4 1 0 9 0 0 0 0 0
6 7 9 5 0 1 8 3 2
5 0 0 0 0 0 0 0 9
1 8 4 3 0 0 0 0 6
0 0 0 0 0 4 0 2 0
0 9 5 6 1 0 3 0 0
3 0 8 0 9 0 6 0 7
------------------
Step 9 - 4 @ R4C5
------------------
8 0 2 4 5 0 7 9 1
9 0 7 1 8 2 4 6 0
4 1 0 9 0 0 0 0 0
6 7 9 5 4 1 8 3 2
5 0 0 0 0 0 0 0 9
1 8 4 3 0 0 0 0 6
0 0 0 0 0 4 0 2 0
0 9 5 6 1 0 3 0 0
3 0 8 0 9 0 6 0 7
------------------
Step 10 - 3 @ R5C3
------------------
8 0 2 4 5 0 7 9 1
9 0 7 1 8 2 4 6 0
4 1 0 9 0 0 0 0 0
6 7 9 5 4 1 8 3 2
5 0 3 0 0 0 0 0 9
1 8 4 3 0 0 0 0 6
0 0 0 0 0 4 0 2 0
0 9 5 6 1 0 3 0 0
3 0 8 0 9 0 6 0 7
------------------
Step 11 - 6 @ R3C3
------------------
8 0 2 4 5 0 7 9 1
9 0 7 1 8 2 4 6 0
4 1 6 9 0 0 0 0 0
6 7 9 5 4 1 8 3 2
5 0 3 0 0 0 0 0 9
1 8 4 3 0 0 0 0 6
0 0 0 0 0 4 0 2 0
0 9 5 6 1 0 3 0 0
3 0 8 0 9 0 6 0 7
------------------
Step 12 - 3 @ R1C2
------------------
8 3 2 4 5 0 7 9 1
9 0 7 1 8 2 4 6 0
4 1 6 9 0 0 0 0 0
6 7 9 5 4 1 8 3 2
5 0 3 0 0 0 0 0 9
1 8 4 3 0 0 0 0 6
0 0 0 0 0 4 0 2 0
0 9 5 6 1 0 3 0 0
3 0 8 0 9 0 6 0 7
------------------
Step 13 - 6 @ R1C6
------------------
8 3 2 4 5 6 7 9 1
9 0 7 1 8 2 4 6 0
4 1 6 9 0 0 0 0 0
6 7 9 5 4 1 8 3 2
5 0 3 0 0 0 0 0 9
1 8 4 3 0 0 0 0 6
0 0 0 0 0 4 0 2 0
0 9 5 6 1 0 3 0 0
3 0 8 0 9 0 6 0 7
------------------
Step 14 - 5 @ R2C2
------------------
8 3 2 4 5 6 7 9 1
9 5 7 1 8 2 4 6 0
4 1 6 9 0 0 0 0 0
6 7 9 5 4 1 8 3 2
5 0 3 0 0 0 0 0 9
1 8 4 3 0 0 0 0 6
0 0 0 0 0 4 0 2 0
0 9 5 6 1 0 3 0 0
3 0 8 0 9 0 6 0 7
------------------
Step 15 - 3 @ R2C9
------------------
8 3 2 4 5 6 7 9 1
9 5 7 1 8 2 4 6 3
4 1 6 9 0 0 0 0 0
6 7 9 5 4 1 8 3 2
5 0 3 0 0 0 0 0 9
1 8 4 3 0 0 0 0 6
0 0 0 0 0 4 0 2 0
0 9 5 6 1 0 3 0 0
3 0 8 0 9 0 6 0 7
------------------
Step 16 - 2 @ R5C2
------------------
8 3 2 4 5 6 7 9 1
9 5 7 1 8 2 4 6 3
4 1 6 9 0 0 0 0 0
6 7 9 5 4 1 8 3 2
5 2 3 0 0 0 0 0 9
1 8 4 3 0 0 0 0 6
0 0 0 0 0 4 0 2 0
0 9 5 6 1 0 3 0 0
3 0 8 0 9 0 6 0 7
------------------
Step 17 - 1 @ R5C7
------------------
8 3 2 4 5 6 7 9 1
9 5 7 1 8 2 4 6 3
4 1 6 9 0 0 0 0 0
6 7 9 5 4 1 8 3 2
5 2 3 0 0 0 1 0 9
1 8 4 3 0 0 0 0 6
0 0 0 0 0 4 0 2 0
0 9 5 6 1 0 3 0 0
3 0 8 0 9 0 6 0 7
------------------
Step 18 - 5 @ R6C7
------------------
8 3 2 4 5 6 7 9 1
9 5 7 1 8 2 4 6 3
4 1 6 9 0 0 0 0 0
6 7 9 5 4 1 8 3 2
5 2 3 0 0 0 1 0 9
1 8 4 3 0 0 5 0 6
0 0 0 0 0 4 0 2 0
0 9 5 6 1 0 3 0 0
3 0 8 0 9 0 6 0 7
------------------
Step 19 - 2 @ R3C7
------------------
8 3 2 4 5 6 7 9 1
9 5 7 1 8 2 4 6 3
4 1 6 9 0 0 2 0 0
6 7 9 5 4 1 8 3 2
5 2 3 0 0 0 1 0 9
1 8 4 3 0 0 5 0 6
0 0 0 0 0 4 0 2 0
0 9 5 6 1 0 3 0 0
3 0 8 0 9 0 6 0 7
------------------
Step 20 - 7 @ R6C8
------------------
8 3 2 4 5 6 7 9 1
9 5 7 1 8 2 4 6 3
4 1 6 9 0 0 2 0 0
6 7 9 5 4 1 8 3 2
5 2 3 0 0 0 1 0 9
1 8 4 3 0 0 5 7 6
0 0 0 0 0 4 0 2 0
0 9 5 6 1 0 3 0 0
3 0 8 0 9 0 6 0 7
------------------
Step 21 - 4 @ R5C8
------------------
8 3 2 4 5 6 7 9 1
9 5 7 1 8 2 4 6 3
4 1 6 9 0 0 2 0 0
6 7 9 5 4 1 8 3 2
5 2 3 0 0 0 1 4 9
1 8 4 3 0 0 5 7 6
0 0 0 0 0 4 0 2 0
0 9 5 6 1 0 3 0 0
3 0 8 0 9 0 6 0 7
------------------
Step 22 - 2 @ R6C5
------------------
8 3 2 4 5 6 7 9 1
9 5 7 1 8 2 4 6 3
4 1 6 9 0 0 2 0 0
6 7 9 5 4 1 8 3 2
5 2 3 0 0 0 1 4 9
1 8 4 3 2 0 5 7 6
0 0 0 0 0 4 0 2 0
0 9 5 6 1 0 3 0 0
3 0 8 0 9 0 6 0 7
------------------
Step 23 - 9 @ R6C6
------------------
8 3 2 4 5 6 7 9 1
9 5 7 1 8 2 4 6 3
4 1 6 9 0 0 2 0 0
6 7 9 5 4 1 8 3 2
5 2 3 0 0 0 1 4 9
1 8 4 3 2 9 5 7 6
0 0 0 0 0 4 0 2 0
0 9 5 6 1 0 3 0 0
3 0 8 0 9 0 6 0 7
------------------
Step 24 - 7 @ R7C1
------------------
8 3 2 4 5 6 7 9 1
9 5 7 1 8 2 4 6 3
4 1 6 9 0 0 2 0 0
6 7 9 5 4 1 8 3 2
5 2 3 0 0 0 1 4 9
1 8 4 3 2 9 5 7 6
7 0 0 0 0 4 0 2 0
0 9 5 6 1 0 3 0 0
3 0 8 0 9 0 6 0 7
------------------
Step 25 - 6 @ R7C2
------------------
8 3 2 4 5 6 7 9 1
9 5 7 1 8 2 4 6 3
4 1 6 9 0 0 2 0 0
6 7 9 5 4 1 8 3 2
5 2 3 0 0 0 1 4 9
1 8 4 3 2 9 5 7 6
7 6 0 0 0 4 0 2 0
0 9 5 6 1 0 3 0 0
3 0 8 0 9 0 6 0 7
------------------
Step 26 - 1 @ R7C3
------------------
8 3 2 4 5 6 7 9 1
9 5 7 1 8 2 4 6 3
4 1 6 9 0 0 2 0 0
6 7 9 5 4 1 8 3 2
5 2 3 0 0 0 1 4 9
1 8 4 3 2 9 5 7 6
7 6 1 0 0 4 0 2 0
0 9 5 6 1 0 3 0 0
3 0 8 0 9 0 6 0 7
------------------
Step 27 - 8 @ R7C4
------------------
8 3 2 4 5 6 7 9 1
9 5 7 1 8 2 4 6 3
4 1 6 9 0 0 2 0 0
6 7 9 5 4 1 8 3 2
5 2 3 0 0 0 1 4 9
1 8 4 3 2 9 5 7 6
7 6 1 8 0 4 0 2 0
0 9 5 6 1 0 3 0 0
3 0 8 0 9 0 6 0 7
------------------
Step 28 - 7 @ R5C4
------------------
8 3 2 4 5 6 7 9 1
9 5 7 1 8 2 4 6 3
4 1 6 9 0 0 2 0 0
6 7 9 5 4 1 8 3 2
5 2 3 7 0 0 1 4 9
1 8 4 3 2 9 5 7 6
7 6 1 8 0 4 0 2 0
0 9 5 6 1 0 3 0 0
3 0 8 0 9 0 6 0 7
------------------
Step 29 - 6 @ R5C5
------------------
8 3 2 4 5 6 7 9 1
9 5 7 1 8 2 4 6 3
4 1 6 9 0 0 2 0 0
6 7 9 5 4 1 8 3 2
5 2 3 7 6 0 1 4 9
1 8 4 3 2 9 5 7 6
7 6 1 8 0 4 0 2 0
0 9 5 6 1 0 3 0 0
3 0 8 0 9 0 6 0 7
------------------
Step 30 - 8 @ R5C6
------------------
8 3 2 4 5 6 7 9 1
9 5 7 1 8 2 4 6 3
4 1 6 9 0 0 2 0 0
6 7 9 5 4 1 8 3 2
5 2 3 7 6 8 1 4 9
1 8 4 3 2 9 5 7 6
7 6 1 8 0 4 0 2 0
0 9 5 6 1 0 3 0 0
3 0 8 0 9 0 6 0 7
------------------
Step 31 - 3 @ R7C5
------------------
8 3 2 4 5 6 7 9 1
9 5 7 1 8 2 4 6 3
4 1 6 9 0 0 2 0 0
6 7 9 5 4 1 8 3 2
5 2 3 7 6 8 1 4 9
1 8 4 3 2 9 5 7 6
7 6 1 8 3 4 0 2 0
0 9 5 6 1 0 3 0 0
3 0 8 0 9 0 6 0 7
------------------
Step 32 - 7 @ R3C5
------------------
8 3 2 4 5 6 7 9 1
9 5 7 1 8 2 4 6 3
4 1 6 9 7 0 2 0 0
6 7 9 5 4 1 8 3 2
5 2 3 7 6 8 1 4 9
1 8 4 3 2 9 5 7 6
7 6 1 8 3 4 0 2 0
0 9 5 6 1 0 3 0 0
3 0 8 0 9 0 6 0 7
------------------
Step 33 - 3 @ R3C6
------------------
8 3 2 4 5 6 7 9 1
9 5 7 1 8 2 4 6 3
4 1 6 9 7 3 2 0 0
6 7 9 5 4 1 8 3 2
5 2 3 7 6 8 1 4 9
1 8 4 3 2 9 5 7 6
7 6 1 8 3 4 0 2 0
0 9 5 6 1 0 3 0 0
3 0 8 0 9 0 6 0 7
------------------
Step 34 - 9 @ R7C7
------------------
8 3 2 4 5 6 7 9 1
9 5 7 1 8 2 4 6 3
4 1 6 9 7 3 2 0 0
6 7 9 5 4 1 8 3 2
5 2 3 7 6 8 1 4 9
1 8 4 3 2 9 5 7 6
7 6 1 8 3 4 9 2 0
0 9 5 6 1 0 3 0 0
3 0 8 0 9 0 6 0 7
------------------
Step 35 - 5 @ R7C9
------------------
8 3 2 4 5 6 7 9 1
9 5 7 1 8 2 4 6 3
4 1 6 9 7 3 2 0 0
6 7 9 5 4 1 8 3 2
5 2 3 7 6 8 1 4 9
1 8 4 3 2 9 5 7 6
7 6 1 8 3 4 9 2 5
0 9 5 6 1 0 3 0 0
3 0 8 0 9 0 6 0 7
------------------
Step 36 - 8 @ R3C9
------------------
8 3 2 4 5 6 7 9 1
9 5 7 1 8 2 4 6 3
4 1 6 9 7 3 2 0 8
6 7 9 5 4 1 8 3 2
5 2 3 7 6 8 1 4 9
1 8 4 3 2 9 5 7 6
7 6 1 8 3 4 9 2 5
0 9 5 6 1 0 3 0 0
3 0 8 0 9 0 6 0 7
------------------
Step 37 - 5 @ R3C8
------------------
8 3 2 4 5 6 7 9 1
9 5 7 1 8 2 4 6 3
4 1 6 9 7 3 2 5 8
6 7 9 5 4 1 8 3 2
5 2 3 7 6 8 1 4 9
1 8 4 3 2 9 5 7 6
7 6 1 8 3 4 9 2 5
0 9 5 6 1 0 3 0 0
3 0 8 0 9 0 6 0 7
------------------
Step 38 - 2 @ R8C1
------------------
8 3 2 4 5 6 7 9 1
9 5 7 1 8 2 4 6 3
4 1 6 9 7 3 2 5 8
6 7 9 5 4 1 8 3 2
5 2 3 7 6 8 1 4 9
1 8 4 3 2 9 5 7 6
7 6 1 8 3 4 9 2 5
2 9 5 6 1 0 3 0 0
3 0 8 0 9 0 6 0 7
------------------
Step 39 - 7 @ R8C6
------------------
8 3 2 4 5 6 7 9 1
9 5 7 1 8 2 4 6 3
4 1 6 9 7 3 2 5 8
6 7 9 5 4 1 8 3 2
5 2 3 7 6 8 1 4 9
1 8 4 3 2 9 5 7 6
7 6 1 8 3 4 9 2 5
2 9 5 6 1 7 3 0 0
3 0 8 0 9 0 6 0 7
------------------
Step 40 - 8 @ R8C8
------------------
8 3 2 4 5 6 7 9 1
9 5 7 1 8 2 4 6 3
4 1 6 9 7 3 2 5 8
6 7 9 5 4 1 8 3 2
5 2 3 7 6 8 1 4 9
1 8 4 3 2 9 5 7 6
7 6 1 8 3 4 9 2 5
2 9 5 6 1 7 3 8 0
3 0 8 0 9 0 6 0 7
------------------
Step 41 - 4 @ R8C9
------------------
8 3 2 4 5 6 7 9 1
9 5 7 1 8 2 4 6 3
4 1 6 9 7 3 2 5 8
6 7 9 5 4 1 8 3 2
5 2 3 7 6 8 1 4 9
1 8 4 3 2 9 5 7 6
7 6 1 8 3 4 9 2 5
2 9 5 6 1 7 3 8 4
3 0 8 0 9 0 6 0 7
------------------
Step 42 - 4 @ R9C2
------------------
8 3 2 4 5 6 7 9 1
9 5 7 1 8 2 4 6 3
4 1 6 9 7 3 2 5 8
6 7 9 5 4 1 8 3 2
5 2 3 7 6 8 1 4 9
1 8 4 3 2 9 5 7 6
7 6 1 8 3 4 9 2 5
2 9 5 6 1 7 3 8 4
3 4 8 0 9 0 6 0 7
------------------
Step 43 - 2 @ R9C4
------------------
8 3 2 4 5 6 7 9 1
9 5 7 1 8 2 4 6 3
4 1 6 9 7 3 2 5 8
6 7 9 5 4 1 8 3 2
5 2 3 7 6 8 1 4 9
1 8 4 3 2 9 5 7 6
7 6 1 8 3 4 9 2 5
2 9 5 6 1 7 3 8 4
3 4 8 2 9 0 6 0 7
------------------
Step 44 - 5 @ R9C6
------------------
8 3 2 4 5 6 7 9 1
9 5 7 1 8 2 4 6 3
4 1 6 9 7 3 2 5 8
6 7 9 5 4 1 8 3 2
5 2 3 7 6 8 1 4 9
1 8 4 3 2 9 5 7 6
7 6 1 8 3 4 9 2 5
2 9 5 6 1 7 3 8 4
3 4 8 2 9 5 6 0 7
------------------
Step 45 - 1 @ R9C8
------------------
8 3 2 4 5 6 7 9 1
9 5 7 1 8 2 4 6 3
4 1 6 9 7 3 2 5 8
6 7 9 5 4 1 8 3 2
5 2 3 7 6 8 1 4 9
1 8 4 3 2 9 5 7 6
7 6 1 8 3 4 9 2 5
2 9 5 6 1 7 3 8 4
3 4 8 2 9 5 6 1 7
------------------