------------------
Step 1 - 4 @ R4C6
------------------
0 0 0 0 0 0 0 0 7
7 2 0 3 0 9 0 0 1
0 0 8 7 0 5 0 6 0
5 0 2 8 9 4 0 0 0
0 4 0 5 0 1 0 9 0
0 0 0 0 6 3 7 0 5
0 3 0 9 0 6 1 0 0
2 0 0 1 0 7 0 5 3
9 0 0 0 0 0 0 0 0
------------------
Step 2 - 6 @ R4C9
------------------
0 0 0 0 0 0 0 0 7
7 2 0 3 0 9 0 0 1
0 0 8 7 0 5 0 6 0
5 0 2 8 9 4 0 0 6
0 4 0 5 0 1 0 9 0
0 0 0 0 6 3 7 0 5
0 3 0 9 0 6 1 0 0
2 0 0 1 0 7 0 5 3
9 0 0 0 0 0 0 0 0
------------------
Step 3 - 3 @ R4C7
------------------
0 0 0 0 0 0 0 0 7
7 2 0 3 0 9 0 0 1
0 0 8 7 0 5 0 6 0
5 0 2 8 9 4 3 0 6
0 4 0 5 0 1 0 9 0
0 0 0 0 6 3 7 0 5
0 3 0 9 0 6 1 0 0
2 0 0 1 0 7 0 5 3
9 0 0 0 0 0 0 0 0
------------------
Step 4 - 1 @ R4C8
------------------
0 0 0 0 0 0 0 0 7
7 2 0 3 0 9 0 0 1
0 0 8 7 0 5 0 6 0
5 0 2 8 9 4 3 1 6
0 4 0 5 0 1 0 9 0
0 0 0 0 6 3 7 0 5
0 3 0 9 0 6 1 0 0
2 0 0 1 0 7 0 5 3
9 0 0 0 0 0 0 0 0
------------------
Step 5 - 7 @ R4C2
------------------
0 0 0 0 0 0 0 0 7
7 2 0 3 0 9 0 0 1
0 0 8 7 0 5 0 6 0
5 7 2 8 9 4 3 1 6
0 4 0 5 0 1 0 9 0
0 0 0 0 6 3 7 0 5
0 3 0 9 0 6 1 0 0
2 0 0 1 0 7 0 5 3
9 0 0 0 0 0 0 0 0
------------------
Step 6 - 2 @ R6C4
------------------
0 0 0 0 0 0 0 0 7
7 2 0 3 0 9 0 0 1
0 0 8 7 0 5 0 6 0
5 7 2 8 9 4 3 1 6
0 4 0 5 0 1 0 9 0
0 0 0 2 6 3 7 0 5
0 3 0 9 0 6 1 0 0
2 0 0 1 0 7 0 5 3
9 0 0 0 0 0 0 0 0
------------------
Step 7 - 7 @ R5C5
------------------
0 0 0 0 0 0 0 0 7
7 2 0 3 0 9 0 0 1
0 0 8 7 0 5 0 6 0
5 7 2 8 9 4 3 1 6
0 4 0 5 7 1 0 9 0
0 0 0 2 6 3 7 0 5
0 3 0 9 0 6 1 0 0
2 0 0 1 0 7 0 5 3
9 0 0 0 0 0 0 0 0
------------------
Step 8 - 4 @ R9C4
------------------
0 0 0 0 0 0 0 0 7
7 2 0 3 0 9 0 0 1
0 0 8 7 0 5 0 6 0
5 7 2 8 9 4 3 1 6
0 4 0 5 7 1 0 9 0
0 0 0 2 6 3 7 0 5
0 3 0 9 0 6 1 0 0
2 0 0 1 0 7 0 5 3
9 0 0 4 0 0 0 0 0
------------------
Step 9 - 6 @ R1C4
------------------
0 0 0 6 0 0 0 0 7
7 2 0 3 0 9 0 0 1
0 0 8 7 0 5 0 6 0
5 7 2 8 9 4 3 1 6
0 4 0 5 7 1 0 9 0
0 0 0 2 6 3 7 0 5
0 3 0 9 0 6 1 0 0
2 0 0 1 0 7 0 5 3
9 0 0 4 0 0 0 0 0
------------------
Step 10 - 8 @ R8C5
------------------
0 0 0 6 0 0 0 0 7
7 2 0 3 0 9 0 0 1
0 0 8 7 0 5 0 6 0
5 7 2 8 9 4 3 1 6
0 4 0 5 7 1 0 9 0
0 0 0 2 6 3 7 0 5
0 3 0 9 0 6 1 0 0
2 0 0 1 8 7 0 5 3
9 0 0 4 0 0 0 0 0
------------------
Step 11 - 4 @ R2C5
------------------
0 0 0 6 0 0 0 0 7
7 2 0 3 4 9 0 0 1
0 0 8 7 0 5 0 6 0
5 7 2 8 9 4 3 1 6
0 4 0 5 7 1 0 9 0
0 0 0 2 6 3 7 0 5
0 3 0 9 0 6 1 0 0
2 0 0 1 8 7 0 5 3
9 0 0 4 0 0 0 0 0
------------------
Step 12 - 8 @ R2C8
------------------
0 0 0 6 0 0 0 0 7
7 2 0 3 4 9 0 8 1
0 0 8 7 0 5 0 6 0
5 7 2 8 9 4 3 1 6
0 4 0 5 7 1 0 9 0
0 0 0 2 6 3 7 0 5
0 3 0 9 0 6 1 0 0
2 0 0 1 8 7 0 5 3
9 0 0 4 0 0 0 0 0
------------------
Step 13 - 5 @ R2C7
------------------
0 0 0 6 0 0 0 0 7
7 2 0 3 4 9 5 8 1
0 0 8 7 0 5 0 6 0
5 7 2 8 9 4 3 1 6
0 4 0 5 7 1 0 9 0
0 0 0 2 6 3 7 0 5
0 3 0 9 0 6 1 0 0
2 0 0 1 8 7 0 5 3
9 0 0 4 0 0 0 0 0
------------------
Step 14 - 6 @ R2C3
------------------
0 0 0 6 0 0 0 0 7
7 2 6 3 4 9 5 8 1
0 0 8 7 0 5 0 6 0
5 7 2 8 9 4 3 1 6
0 4 0 5 7 1 0 9 0
0 0 0 2 6 3 7 0 5
0 3 0 9 0 6 1 0 0
2 0 0 1 8 7 0 5 3
9 0 0 4 0 0 0 0 0
------------------
Step 15 - 3 @ R5C3
------------------
0 0 0 6 0 0 0 0 7
7 2 6 3 4 9 5 8 1
0 0 8 7 0 5 0 6 0
5 7 2 8 9 4 3 1 6
0 4 3 5 7 1 0 9 0
0 0 0 2 6 3 7 0 5
0 3 0 9 0 6 1 0 0
2 0 0 1 8 7 0 5 3
9 0 0 4 0 0 0 0 0
------------------
Step 16 - 4 @ R6C8
------------------
0 0 0 6 0 0 0 0 7
7 2 6 3 4 9 5 8 1
0 0 8 7 0 5 0 6 0
5 7 2 8 9 4 3 1 6
0 4 3 5 7 1 0 9 0
0 0 0 2 6 3 7 4 5
0 3 0 9 0 6 1 0 0
2 0 0 1 8 7 0 5 3
9 0 0 4 0 0 0 0 0
------------------
Step 17 - 6 @ R8C2
------------------
0 0 0 6 0 0 0 0 7
7 2 6 3 4 9 5 8 1
0 0 8 7 0 5 0 6 0
5 7 2 8 9 4 3 1 6
0 4 3 5 7 1 0 9 0
0 0 0 2 6 3 7 4 5
0 3 0 9 0 6 1 0 0
2 6 0 1 8 7 0 5 3
9 0 0 4 0 0 0 0 0
------------------
Step 18 - 4 @ R8C3
------------------
0 0 0 6 0 0 0 0 7
7 2 6 3 4 9 5 8 1
0 0 8 7 0 5 0 6 0
5 7 2 8 9 4 3 1 6
0 4 3 5 7 1 0 9 0
0 0 0 2 6 3 7 4 5
0 3 0 9 0 6 1 0 0
2 6 4 1 8 7 0 5 3
9 0 0 4 0 0 0 0 0
------------------
Step 19 - 8 @ R7C1
------------------
0 0 0 6 0 0 0 0 7
7 2 6 3 4 9 5 8 1
0 0 8 7 0 5 0 6 0
5 7 2 8 9 4 3 1 6
0 4 3 5 7 1 0 9 0
0 0 0 2 6 3 7 4 5
8 3 0 9 0 6 1 0 0
2 6 4 1 8 7 0 5 3
9 0 0 4 0 0 0 0 0
------------------
Step 20 - 6 @ R5C1
------------------
0 0 0 6 0 0 0 0 7
7 2 6 3 4 9 5 8 1
0 0 8 7 0 5 0 6 0
5 7 2 8 9 4 3 1 6
6 4 3 5 7 1 0 9 0
0 0 0 2 6 3 7 4 5
8 3 0 9 0 6 1 0 0
2 6 4 1 8 7 0 5 3
9 0 0 4 0 0 0 0 0
------------------
Step 21 - 1 @ R6C1
------------------
0 0 0 6 0 0 0 0 7
7 2 6 3 4 9 5 8 1
0 0 8 7 0 5 0 6 0
5 7 2 8 9 4 3 1 6
6 4 3 5 7 1 0 9 0
1 0 0 2 6 3 7 4 5
8 3 0 9 0 6 1 0 0
2 6 4 1 8 7 0 5 3
9 0 0 4 0 0 0 0 0
------------------
Step 22 - 9 @ R6C3
------------------
0 0 0 6 0 0 0 0 7
7 2 6 3 4 9 5 8 1
0 0 8 7 0 5 0 6 0
5 7 2 8 9 4 3 1 6
6 4 3 5 7 1 0 9 0
1 0 9 2 6 3 7 4 5
8 3 0 9 0 6 1 0 0
2 6 4 1 8 7 0 5 3
9 0 0 4 0 0 0 0 0
------------------
Step 23 - 8 @ R6C2
------------------
0 0 0 6 0 0 0 0 7
7 2 6 3 4 9 5 8 1
0 0 8 7 0 5 0 6 0
5 7 2 8 9 4 3 1 6
6 4 3 5 7 1 0 9 0
1 8 9 2 6 3 7 4 5
8 3 0 9 0 6 1 0 0
2 6 4 1 8 7 0 5 3
9 0 0 4 0 0 0 0 0
------------------
Step 24 - 9 @ R8C7
------------------
0 0 0 6 0 0 0 0 7
7 2 6 3 4 9 5 8 1
0 0 8 7 0 5 0 6 0
5 7 2 8 9 4 3 1 6
6 4 3 5 7 1 0 9 0
1 8 9 2 6 3 7 4 5
8 3 0 9 0 6 1 0 0
2 6 4 1 8 7 9 5 3
9 0 0 4 0 0 0 0 0
------------------
Step 25 - 2 @ R9C6
------------------
0 0 0 6 0 0 0 0 7
7 2 6 3 4 9 5 8 1
0 0 8 7 0 5 0 6 0
5 7 2 8 9 4 3 1 6
6 4 3 5 7 1 0 9 0
1 8 9 2 6 3 7 4 5
8 3 0 9 0 6 1 0 0
2 6 4 1 8 7 9 5 3
9 0 0 4 0 2 0 0 0
------------------
Step 26 - 8 @ R1C6
------------------
0 0 0 6 0 8 0 0 7
7 2 6 3 4 9 5 8 1
0 0 8 7 0 5 0 6 0
5 7 2 8 9 4 3 1 6
6 4 3 5 7 1 0 9 0
1 8 9 2 6 3 7 4 5
8 3 0 9 0 6 1 0 0
2 6 4 1 8 7 9 5 3
9 0 0 4 0 2 0 0 0
------------------
Step 27 - 5 @ R7C5
------------------
0 0 0 6 0 8 0 0 7
7 2 6 3 4 9 5 8 1
0 0 8 7 0 5 0 6 0
5 7 2 8 9 4 3 1 6
6 4 3 5 7 1 0 9 0
1 8 9 2 6 3 7 4 5
8 3 0 9 5 6 1 0 0
2 6 4 1 8 7 9 5 3
9 0 0 4 0 2 0 0 0
------------------
Step 28 - 7 @ R7C3
------------------
0 0 0 6 0 8 0 0 7
7 2 6 3 4 9 5 8 1
0 0 8 7 0 5 0 6 0
5 7 2 8 9 4 3 1 6
6 4 3 5 7 1 0 9 0
1 8 9 2 6 3 7 4 5
8 3 7 9 5 6 1 0 0
2 6 4 1 8 7 9 5 3
9 0 0 4 0 2 0 0 0
------------------
Step 29 - 2 @ R7C8
------------------
0 0 0 6 0 8 0 0 7
7 2 6 3 4 9 5 8 1
0 0 8 7 0 5 0 6 0
5 7 2 8 9 4 3 1 6
6 4 3 5 7 1 0 9 0
1 8 9 2 6 3 7 4 5
8 3 7 9 5 6 1 2 0
2 6 4 1 8 7 9 5 3
9 0 0 4 0 2 0 0 0
------------------
Step 30 - 3 @ R1C8
------------------
0 0 0 6 0 8 0 3 7
7 2 6 3 4 9 5 8 1
0 0 8 7 0 5 0 6 0
5 7 2 8 9 4 3 1 6
6 4 3 5 7 1 0 9 0
1 8 9 2 6 3 7 4 5
8 3 7 9 5 6 1 2 0
2 6 4 1 8 7 9 5 3
9 0 0 4 0 2 0 0 0
------------------
Step 31 - 4 @ R1C1
------------------
4 0 0 6 0 8 0 3 7
7 2 6 3 4 9 5 8 1
0 0 8 7 0 5 0 6 0
5 7 2 8 9 4 3 1 6
6 4 3 5 7 1 0 9 0
1 8 9 2 6 3 7 4 5
8 3 7 9 5 6 1 2 0
2 6 4 1 8 7 9 5 3
9 0 0 4 0 2 0 0 0
------------------
Step 32 - 2 @ R1C7
------------------
4 0 0 6 0 8 2 3 7
7 2 6 3 4 9 5 8 1
0 0 8 7 0 5 0 6 0
5 7 2 8 9 4 3 1 6
6 4 3 5 7 1 0 9 0
1 8 9 2 6 3 7 4 5
8 3 7 9 5 6 1 2 0
2 6 4 1 8 7 9 5 3
9 0 0 4 0 2 0 0 0
------------------
Step 33 - 1 @ R1C5
------------------
4 0 0 6 1 8 2 3 7
7 2 6 3 4 9 5 8 1
0 0 8 7 0 5 0 6 0
5 7 2 8 9 4 3 1 6
6 4 3 5 7 1 0 9 0
1 8 9 2 6 3 7 4 5
8 3 7 9 5 6 1 2 0
2 6 4 1 8 7 9 5 3
9 0 0 4 0 2 0 0 0
------------------
Step 34 - 5 @ R1C3
------------------
4 0 5 6 1 8 2 3 7
7 2 6 3 4 9 5 8 1
0 0 8 7 0 5 0 6 0
5 7 2 8 9 4 3 1 6
6 4 3 5 7 1 0 9 0
1 8 9 2 6 3 7 4 5
8 3 7 9 5 6 1 2 0
2 6 4 1 8 7 9 5 3
9 0 0 4 0 2 0 0 0
------------------
Step 35 - 9 @ R1C2
------------------
4 9 5 6 1 8 2 3 7
7 2 6 3 4 9 5 8 1
0 0 8 7 0 5 0 6 0
5 7 2 8 9 4 3 1 6
6 4 3 5 7 1 0 9 0
1 8 9 2 6 3 7 4 5
8 3 7 9 5 6 1 2 0
2 6 4 1 8 7 9 5 3
9 0 0 4 0 2 0 0 0
------------------
Step 36 - 3 @ R3C1
------------------
4 9 5 6 1 8 2 3 7
7 2 6 3 4 9 5 8 1
3 0 8 7 0 5 0 6 0
5 7 2 8 9 4 3 1 6
6 4 3 5 7 1 0 9 0
1 8 9 2 6 3 7 4 5
8 3 7 9 5 6 1 2 0
2 6 4 1 8 7 9 5 3
9 0 0 4 0 2 0 0 0
------------------
Step 37 - 1 @ R3C2
------------------
4 9 5 6 1 8 2 3 7
7 2 6 3 4 9 5 8 1
3 1 8 7 0 5 0 6 0
5 7 2 8 9 4 3 1 6
6 4 3 5 7 1 0 9 0
1 8 9 2 6 3 7 4 5
8 3 7 9 5 6 1 2 0
2 6 4 1 8 7 9 5 3
9 0 0 4 0 2 0 0 0
------------------
Step 38 - 2 @ R3C5
------------------
4 9 5 6 1 8 2 3 7
7 2 6 3 4 9 5 8 1
3 1 8 7 2 5 0 6 0
5 7 2 8 9 4 3 1 6
6 4 3 5 7 1 0 9 0
1 8 9 2 6 3 7 4 5
8 3 7 9 5 6 1 2 0
2 6 4 1 8 7 9 5 3
9 0 0 4 0 2 0 0 0
------------------
Step 39 - 4 @ R3C7
------------------
4 9 5 6 1 8 2 3 7
7 2 6 3 4 9 5 8 1
3 1 8 7 2 5 4 6 0
5 7 2 8 9 4 3 1 6
6 4 3 5 7 1 0 9 0
1 8 9 2 6 3 7 4 5
8 3 7 9 5 6 1 2 0
2 6 4 1 8 7 9 5 3
9 0 0 4 0 2 0 0 0
------------------
Step 40 - 9 @ R3C9
------------------
4 9 5 6 1 8 2 3 7
7 2 6 3 4 9 5 8 1
3 1 8 7 2 5 4 6 9
5 7 2 8 9 4 3 1 6
6 4 3 5 7 1 0 9 0
1 8 9 2 6 3 7 4 5
8 3 7 9 5 6 1 2 0
2 6 4 1 8 7 9 5 3
9 0 0 4 0 2 0 0 0
------------------
Step 41 - 8 @ R5C7
------------------
4 9 5 6 1 8 2 3 7
7 2 6 3 4 9 5 8 1
3 1 8 7 2 5 4 6 9
5 7 2 8 9 4 3 1 6
6 4 3 5 7 1 8 9 0
1 8 9 2 6 3 7 4 5
8 3 7 9 5 6 1 2 0
2 6 4 1 8 7 9 5 3
9 0 0 4 0 2 0 0 0
------------------
Step 42 - 2 @ R5C9
------------------
4 9 5 6 1 8 2 3 7
7 2 6 3 4 9 5 8 1
3 1 8 7 2 5 4 6 9
5 7 2 8 9 4 3 1 6
6 4 3 5 7 1 8 9 2
1 8 9 2 6 3 7 4 5
8 3 7 9 5 6 1 2 0
2 6 4 1 8 7 9 5 3
9 0 0 4 0 2 0 0 0
------------------
Step 43 - 4 @ R7C9
------------------
4 9 5 6 1 8 2 3 7
7 2 6 3 4 9 5 8 1
3 1 8 7 2 5 4 6 9
5 7 2 8 9 4 3 1 6
6 4 3 5 7 1 8 9 2
1 8 9 2 6 3 7 4 5
8 3 7 9 5 6 1 2 4
2 6 4 1 8 7 9 5 3
9 0 0 4 0 2 0 0 0
------------------
Step 44 - 5 @ R9C2
------------------
4 9 5 6 1 8 2 3 7
7 2 6 3 4 9 5 8 1
3 1 8 7 2 5 4 6 9
5 7 2 8 9 4 3 1 6
6 4 3 5 7 1 8 9 2
1 8 9 2 6 3 7 4 5
8 3 7 9 5 6 1 2 4
2 6 4 1 8 7 9 5 3
9 5 0 4 0 2 0 0 0
------------------
Step 45 - 1 @ R9C3
------------------
4 9 5 6 1 8 2 3 7
7 2 6 3 4 9 5 8 1
3 1 8 7 2 5 4 6 9
5 7 2 8 9 4 3 1 6
6 4 3 5 7 1 8 9 2
1 8 9 2 6 3 7 4 5
8 3 7 9 5 6 1 2 4
2 6 4 1 8 7 9 5 3
9 5 1 4 0 2 0 0 0
------------------
Step 46 - 3 @ R9C5
------------------
4 9 5 6 1 8 2 3 7
7 2 6 3 4 9 5 8 1
3 1 8 7 2 5 4 6 9
5 7 2 8 9 4 3 1 6
6 4 3 5 7 1 8 9 2
1 8 9 2 6 3 7 4 5
8 3 7 9 5 6 1 2 4
2 6 4 1 8 7 9 5 3
9 5 1 4 3 2 0 0 0
------------------
Step 47 - 6 @ R9C7
------------------
4 9 5 6 1 8 2 3 7
7 2 6 3 4 9 5 8 1
3 1 8 7 2 5 4 6 9
5 7 2 8 9 4 3 1 6
6 4 3 5 7 1 8 9 2
1 8 9 2 6 3 7 4 5
8 3 7 9 5 6 1 2 4
2 6 4 1 8 7 9 5 3
9 5 1 4 3 2 6 0 0
------------------
Step 48 - 7 @ R9C8
------------------
4 9 5 6 1 8 2 3 7
7 2 6 3 4 9 5 8 1
3 1 8 7 2 5 4 6 9
5 7 2 8 9 4 3 1 6
6 4 3 5 7 1 8 9 2
1 8 9 2 6 3 7 4 5
8 3 7 9 5 6 1 2 4
2 6 4 1 8 7 9 5 3
9 5 1 4 3 2 6 7 0
------------------
Step 49 - 8 @ R9C9
------------------
4 9 5 6 1 8 2 3 7
7 2 6 3 4 9 5 8 1
3 1 8 7 2 5 4 6 9
5 7 2 8 9 4 3 1 6
6 4 3 5 7 1 8 9 2
1 8 9 2 6 3 7 4 5
8 3 7 9 5 6 1 2 4
2 6 4 1 8 7 9 5 3
9 5 1 4 3 2 6 7 8
------------------