------------------
Step 1 - 1 @ R1C2
------------------
3 1 2 0 6 5 0 4 7
0 5 0 0 3 4 1 8 2
0 9 0 1 7 0 0 6 0
2 0 6 0 9 0 3 0 8
1 0 0 0 0 0 2 7 0
0 8 9 5 0 3 4 0 0
4 7 0 3 0 0 0 0 5
0 0 0 6 4 8 0 9 1
0 0 0 2 0 0 0 0 0
------------------
Step 2 - 9 @ R1C7
------------------
3 1 2 0 6 5 9 4 7
0 5 0 0 3 4 1 8 2
0 9 0 1 7 0 0 6 0
2 0 6 0 9 0 3 0 8
1 0 0 0 0 0 2 7 0
0 8 9 5 0 3 4 0 0
4 7 0 3 0 0 0 0 5
0 0 0 6 4 8 0 9 1
0 0 0 2 0 0 0 0 0
------------------
Step 3 - 8 @ R1C4
------------------
3 1 2 8 6 5 9 4 7
0 5 0 0 3 4 1 8 2
0 9 0 1 7 0 0 6 0
2 0 6 0 9 0 3 0 8
1 0 0 0 0 0 2 7 0
0 8 9 5 0 3 4 0 0
4 7 0 3 0 0 0 0 5
0 0 0 6 4 8 0 9 1
0 0 0 2 0 0 0 0 0
------------------
Step 4 - 7 @ R2C3
------------------
3 1 2 8 6 5 9 4 7
0 5 7 0 3 4 1 8 2
0 9 0 1 7 0 0 6 0
2 0 6 0 9 0 3 0 8
1 0 0 0 0 0 2 7 0
0 8 9 5 0 3 4 0 0
4 7 0 3 0 0 0 0 5
0 0 0 6 4 8 0 9 1
0 0 0 2 0 0 0 0 0
------------------
Step 5 - 6 @ R2C1
------------------
3 1 2 8 6 5 9 4 7
6 5 7 0 3 4 1 8 2
0 9 0 1 7 0 0 6 0
2 0 6 0 9 0 3 0 8
1 0 0 0 0 0 2 7 0
0 8 9 5 0 3 4 0 0
4 7 0 3 0 0 0 0 5
0 0 0 6 4 8 0 9 1
0 0 0 2 0 0 0 0 0
------------------
Step 6 - 9 @ R2C4
------------------
3 1 2 8 6 5 9 4 7
6 5 7 9 3 4 1 8 2
0 9 0 1 7 0 0 6 0
2 0 6 0 9 0 3 0 8
1 0 0 0 0 0 2 7 0
0 8 9 5 0 3 4 0 0
4 7 0 3 0 0 0 0 5
0 0 0 6 4 8 0 9 1
0 0 0 2 0 0 0 0 0
------------------
Step 7 - 8 @ R3C1
------------------
3 1 2 8 6 5 9 4 7
6 5 7 9 3 4 1 8 2
8 9 0 1 7 0 0 6 0
2 0 6 0 9 0 3 0 8
1 0 0 0 0 0 2 7 0
0 8 9 5 0 3 4 0 0
4 7 0 3 0 0 0 0 5
0 0 0 6 4 8 0 9 1
0 0 0 2 0 0 0 0 0
------------------
Step 8 - 4 @ R3C3
------------------
3 1 2 8 6 5 9 4 7
6 5 7 9 3 4 1 8 2
8 9 4 1 7 0 0 6 0
2 0 6 0 9 0 3 0 8
1 0 0 0 0 0 2 7 0
0 8 9 5 0 3 4 0 0
4 7 0 3 0 0 0 0 5
0 0 0 6 4 8 0 9 1
0 0 0 2 0 0 0 0 0
------------------
Step 9 - 2 @ R3C6
------------------
3 1 2 8 6 5 9 4 7
6 5 7 9 3 4 1 8 2
8 9 4 1 7 2 0 6 0
2 0 6 0 9 0 3 0 8
1 0 0 0 0 0 2 7 0
0 8 9 5 0 3 4 0 0
4 7 0 3 0 0 0 0 5
0 0 0 6 4 8 0 9 1
0 0 0 2 0 0 0 0 0
------------------
Step 10 - 5 @ R3C7
------------------
3 1 2 8 6 5 9 4 7
6 5 7 9 3 4 1 8 2
8 9 4 1 7 2 5 6 0
2 0 6 0 9 0 3 0 8
1 0 0 0 0 0 2 7 0
0 8 9 5 0 3 4 0 0
4 7 0 3 0 0 0 0 5
0 0 0 6 4 8 0 9 1
0 0 0 2 0 0 0 0 0
------------------
Step 11 - 3 @ R3C9
------------------
3 1 2 8 6 5 9 4 7
6 5 7 9 3 4 1 8 2
8 9 4 1 7 2 5 6 3
2 0 6 0 9 0 3 0 8
1 0 0 0 0 0 2 7 0
0 8 9 5 0 3 4 0 0
4 7 0 3 0 0 0 0 5
0 0 0 6 4 8 0 9 1
0 0 0 2 0 0 0 0 0
------------------
Step 12 - 4 @ R4C2
------------------
3 1 2 8 6 5 9 4 7
6 5 7 9 3 4 1 8 2
8 9 4 1 7 2 5 6 3
2 4 6 0 9 0 3 0 8
1 0 0 0 0 0 2 7 0
0 8 9 5 0 3 4 0 0
4 7 0 3 0 0 0 0 5
0 0 0 6 4 8 0 9 1
0 0 0 2 0 0 0 0 0
------------------
Step 13 - 7 @ R4C4
------------------
3 1 2 8 6 5 9 4 7
6 5 7 9 3 4 1 8 2
8 9 4 1 7 2 5 6 3
2 4 6 7 9 0 3 0 8
1 0 0 0 0 0 2 7 0
0 8 9 5 0 3 4 0 0
4 7 0 3 0 0 0 0 5
0 0 0 6 4 8 0 9 1
0 0 0 2 0 0 0 0 0
------------------
Step 14 - 1 @ R4C6
------------------
3 1 2 8 6 5 9 4 7
6 5 7 9 3 4 1 8 2
8 9 4 1 7 2 5 6 3
2 4 6 7 9 1 3 0 8
1 0 0 0 0 0 2 7 0
0 8 9 5 0 3 4 0 0
4 7 0 3 0 0 0 0 5
0 0 0 6 4 8 0 9 1
0 0 0 2 0 0 0 0 0
------------------
Step 15 - 5 @ R4C8
------------------
3 1 2 8 6 5 9 4 7
6 5 7 9 3 4 1 8 2
8 9 4 1 7 2 5 6 3
2 4 6 7 9 1 3 5 8
1 0 0 0 0 0 2 7 0
0 8 9 5 0 3 4 0 0
4 7 0 3 0 0 0 0 5
0 0 0 6 4 8 0 9 1
0 0 0 2 0 0 0 0 0
------------------
Step 16 - 3 @ R5C2
------------------
3 1 2 8 6 5 9 4 7
6 5 7 9 3 4 1 8 2
8 9 4 1 7 2 5 6 3
2 4 6 7 9 1 3 5 8
1 3 0 0 0 0 2 7 0
0 8 9 5 0 3 4 0 0
4 7 0 3 0 0 0 0 5
0 0 0 6 4 8 0 9 1
0 0 0 2 0 0 0 0 0
------------------
Step 17 - 5 @ R5C3
------------------
3 1 2 8 6 5 9 4 7
6 5 7 9 3 4 1 8 2
8 9 4 1 7 2 5 6 3
2 4 6 7 9 1 3 5 8
1 3 5 0 0 0 2 7 0
0 8 9 5 0 3 4 0 0
4 7 0 3 0 0 0 0 5
0 0 0 6 4 8 0 9 1
0 0 0 2 0 0 0 0 0
------------------
Step 18 - 4 @ R5C4
------------------
3 1 2 8 6 5 9 4 7
6 5 7 9 3 4 1 8 2
8 9 4 1 7 2 5 6 3
2 4 6 7 9 1 3 5 8
1 3 5 4 0 0 2 7 0
0 8 9 5 0 3 4 0 0
4 7 0 3 0 0 0 0 5
0 0 0 6 4 8 0 9 1
0 0 0 2 0 0 0 0 0
------------------
Step 19 - 8 @ R5C5
------------------
3 1 2 8 6 5 9 4 7
6 5 7 9 3 4 1 8 2
8 9 4 1 7 2 5 6 3
2 4 6 7 9 1 3 5 8
1 3 5 4 8 0 2 7 0
0 8 9 5 0 3 4 0 0
4 7 0 3 0 0 0 0 5
0 0 0 6 4 8 0 9 1
0 0 0 2 0 0 0 0 0
------------------
Step 20 - 6 @ R5C6
------------------
3 1 2 8 6 5 9 4 7
6 5 7 9 3 4 1 8 2
8 9 4 1 7 2 5 6 3
2 4 6 7 9 1 3 5 8
1 3 5 4 8 6 2 7 0
0 8 9 5 0 3 4 0 0
4 7 0 3 0 0 0 0 5
0 0 0 6 4 8 0 9 1
0 0 0 2 0 0 0 0 0
------------------
Step 21 - 9 @ R5C9
------------------
3 1 2 8 6 5 9 4 7
6 5 7 9 3 4 1 8 2
8 9 4 1 7 2 5 6 3
2 4 6 7 9 1 3 5 8
1 3 5 4 8 6 2 7 9
0 8 9 5 0 3 4 0 0
4 7 0 3 0 0 0 0 5
0 0 0 6 4 8 0 9 1
0 0 0 2 0 0 0 0 0
------------------
Step 22 - 7 @ R6C1
------------------
3 1 2 8 6 5 9 4 7
6 5 7 9 3 4 1 8 2
8 9 4 1 7 2 5 6 3
2 4 6 7 9 1 3 5 8
1 3 5 4 8 6 2 7 9
7 8 9 5 0 3 4 0 0
4 7 0 3 0 0 0 0 5
0 0 0 6 4 8 0 9 1
0 0 0 2 0 0 0 0 0
------------------
Step 23 - 2 @ R6C5
------------------
3 1 2 8 6 5 9 4 7
6 5 7 9 3 4 1 8 2
8 9 4 1 7 2 5 6 3
2 4 6 7 9 1 3 5 8
1 3 5 4 8 6 2 7 9
7 8 9 5 2 3 4 0 0
4 7 0 3 0 0 0 0 5
0 0 0 6 4 8 0 9 1
0 0 0 2 0 0 0 0 0
------------------
Step 24 - 1 @ R6C8
------------------
3 1 2 8 6 5 9 4 7
6 5 7 9 3 4 1 8 2
8 9 4 1 7 2 5 6 3
2 4 6 7 9 1 3 5 8
1 3 5 4 8 6 2 7 9
7 8 9 5 2 3 4 1 0
4 7 0 3 0 0 0 0 5
0 0 0 6 4 8 0 9 1
0 0 0 2 0 0 0 0 0
------------------
Step 25 - 6 @ R6C9
------------------
3 1 2 8 6 5 9 4 7
6 5 7 9 3 4 1 8 2
8 9 4 1 7 2 5 6 3
2 4 6 7 9 1 3 5 8
1 3 5 4 8 6 2 7 9
7 8 9 5 2 3 4 1 6
4 7 0 3 0 0 0 0 5
0 0 0 6 4 8 0 9 1
0 0 0 2 0 0 0 0 0
------------------
Step 26 - 1 @ R7C5
------------------
3 1 2 8 6 5 9 4 7
6 5 7 9 3 4 1 8 2
8 9 4 1 7 2 5 6 3
2 4 6 7 9 1 3 5 8
1 3 5 4 8 6 2 7 9
7 8 9 5 2 3 4 1 6
4 7 0 3 1 0 0 0 5
0 0 0 6 4 8 0 9 1
0 0 0 2 0 0 0 0 0
------------------
Step 27 - 8 @ R7C3
------------------
3 1 2 8 6 5 9 4 7
6 5 7 9 3 4 1 8 2
8 9 4 1 7 2 5 6 3
2 4 6 7 9 1 3 5 8
1 3 5 4 8 6 2 7 9
7 8 9 5 2 3 4 1 6
4 7 8 3 1 0 0 0 5
0 0 0 6 4 8 0 9 1
0 0 0 2 0 0 0 0 0
------------------
Step 28 - 9 @ R7C6
------------------
3 1 2 8 6 5 9 4 7
6 5 7 9 3 4 1 8 2
8 9 4 1 7 2 5 6 3
2 4 6 7 9 1 3 5 8
1 3 5 4 8 6 2 7 9
7 8 9 5 2 3 4 1 6
4 7 8 3 1 9 0 0 5
0 0 0 6 4 8 0 9 1
0 0 0 2 0 0 0 0 0
------------------
Step 29 - 6 @ R7C7
------------------
3 1 2 8 6 5 9 4 7
6 5 7 9 3 4 1 8 2
8 9 4 1 7 2 5 6 3
2 4 6 7 9 1 3 5 8
1 3 5 4 8 6 2 7 9
7 8 9 5 2 3 4 1 6
4 7 8 3 1 9 6 0 5
0 0 0 6 4 8 0 9 1
0 0 0 2 0 0 0 0 0
------------------
Step 30 - 2 @ R7C8
------------------
3 1 2 8 6 5 9 4 7
6 5 7 9 3 4 1 8 2
8 9 4 1 7 2 5 6 3
2 4 6 7 9 1 3 5 8
1 3 5 4 8 6 2 7 9
7 8 9 5 2 3 4 1 6
4 7 8 3 1 9 6 2 5
0 0 0 6 4 8 0 9 1
0 0 0 2 0 0 0 0 0
------------------
Step 31 - 5 @ R8C1
------------------
3 1 2 8 6 5 9 4 7
6 5 7 9 3 4 1 8 2
8 9 4 1 7 2 5 6 3
2 4 6 7 9 1 3 5 8
1 3 5 4 8 6 2 7 9
7 8 9 5 2 3 4 1 6
4 7 8 3 1 9 6 2 5
5 0 0 6 4 8 0 9 1
0 0 0 2 0 0 0 0 0
------------------
Step 32 - 2 @ R8C2
------------------
3 1 2 8 6 5 9 4 7
6 5 7 9 3 4 1 8 2
8 9 4 1 7 2 5 6 3
2 4 6 7 9 1 3 5 8
1 3 5 4 8 6 2 7 9
7 8 9 5 2 3 4 1 6
4 7 8 3 1 9 6 2 5
5 2 0 6 4 8 0 9 1
0 0 0 2 0 0 0 0 0
------------------
Step 33 - 3 @ R8C3
------------------
3 1 2 8 6 5 9 4 7
6 5 7 9 3 4 1 8 2
8 9 4 1 7 2 5 6 3
2 4 6 7 9 1 3 5 8
1 3 5 4 8 6 2 7 9
7 8 9 5 2 3 4 1 6
4 7 8 3 1 9 6 2 5
5 2 3 6 4 8 0 9 1
0 0 0 2 0 0 0 0 0
------------------
Step 34 - 7 @ R8C7
------------------
3 1 2 8 6 5 9 4 7
6 5 7 9 3 4 1 8 2
8 9 4 1 7 2 5 6 3
2 4 6 7 9 1 3 5 8
1 3 5 4 8 6 2 7 9
7 8 9 5 2 3 4 1 6
4 7 8 3 1 9 6 2 5
5 2 3 6 4 8 7 9 1
0 0 0 2 0 0 0 0 0
------------------
Step 35 - 9 @ R9C1
------------------
3 1 2 8 6 5 9 4 7
6 5 7 9 3 4 1 8 2
8 9 4 1 7 2 5 6 3
2 4 6 7 9 1 3 5 8
1 3 5 4 8 6 2 7 9
7 8 9 5 2 3 4 1 6
4 7 8 3 1 9 6 2 5
5 2 3 6 4 8 7 9 1
9 0 0 2 0 0 0 0 0
------------------
Step 36 - 6 @ R9C2
------------------
3 1 2 8 6 5 9 4 7
6 5 7 9 3 4 1 8 2
8 9 4 1 7 2 5 6 3
2 4 6 7 9 1 3 5 8
1 3 5 4 8 6 2 7 9
7 8 9 5 2 3 4 1 6
4 7 8 3 1 9 6 2 5
5 2 3 6 4 8 7 9 1
9 6 0 2 0 0 0 0 0
------------------
Step 37 - 1 @ R9C3
------------------
3 1 2 8 6 5 9 4 7
6 5 7 9 3 4 1 8 2
8 9 4 1 7 2 5 6 3
2 4 6 7 9 1 3 5 8
1 3 5 4 8 6 2 7 9
7 8 9 5 2 3 4 1 6
4 7 8 3 1 9 6 2 5
5 2 3 6 4 8 7 9 1
9 6 1 2 0 0 0 0 0
------------------
Step 38 - 5 @ R9C5
------------------
3 1 2 8 6 5 9 4 7
6 5 7 9 3 4 1 8 2
8 9 4 1 7 2 5 6 3
2 4 6 7 9 1 3 5 8
1 3 5 4 8 6 2 7 9
7 8 9 5 2 3 4 1 6
4 7 8 3 1 9 6 2 5
5 2 3 6 4 8 7 9 1
9 6 1 2 5 0 0 0 0
------------------
Step 39 - 7 @ R9C6
------------------
3 1 2 8 6 5 9 4 7
6 5 7 9 3 4 1 8 2
8 9 4 1 7 2 5 6 3
2 4 6 7 9 1 3 5 8
1 3 5 4 8 6 2 7 9
7 8 9 5 2 3 4 1 6
4 7 8 3 1 9 6 2 5
5 2 3 6 4 8 7 9 1
9 6 1 2 5 7 0 0 0
------------------
Step 40 - 8 @ R9C7
------------------
3 1 2 8 6 5 9 4 7
6 5 7 9 3 4 1 8 2
8 9 4 1 7 2 5 6 3
2 4 6 7 9 1 3 5 8
1 3 5 4 8 6 2 7 9
7 8 9 5 2 3 4 1 6
4 7 8 3 1 9 6 2 5
5 2 3 6 4 8 7 9 1
9 6 1 2 5 7 8 0 0
------------------
Step 41 - 3 @ R9C8
------------------
3 1 2 8 6 5 9 4 7
6 5 7 9 3 4 1 8 2
8 9 4 1 7 2 5 6 3
2 4 6 7 9 1 3 5 8
1 3 5 4 8 6 2 7 9
7 8 9 5 2 3 4 1 6
4 7 8 3 1 9 6 2 5
5 2 3 6 4 8 7 9 1
9 6 1 2 5 7 8 3 0
------------------
Step 42 - 4 @ R9C9
------------------
3 1 2 8 6 5 9 4 7
6 5 7 9 3 4 1 8 2
8 9 4 1 7 2 5 6 3
2 4 6 7 9 1 3 5 8
1 3 5 4 8 6 2 7 9
7 8 9 5 2 3 4 1 6
4 7 8 3 1 9 6 2 5
5 2 3 6 4 8 7 9 1
9 6 1 2 5 7 8 3 4
------------------