------------------
Step 1 - 2 @ R1C1
------------------
2 7 1 0 3 9 0 0 0
4 6 0 0 7 5 0 1 0
8 3 0 0 6 0 7 0 2
0 4 2 0 0 0 0 5 8
6 0 0 0 0 0 9 7 0
0 1 0 5 0 0 0 0 4
0 0 0 0 0 8 4 6 9
7 9 0 3 4 2 0 0 0
5 0 0 0 0 1 3 0 0
------------------
Step 2 - 9 @ R2C3
------------------
2 7 1 0 3 9 0 0 0
4 6 9 0 7 5 0 1 0
8 3 0 0 6 0 7 0 2
0 4 2 0 0 0 0 5 8
6 0 0 0 0 0 9 7 0
0 1 0 5 0 0 0 0 4
0 0 0 0 0 8 4 6 9
7 9 0 3 4 2 0 0 0
5 0 0 0 0 1 3 0 0
------------------
Step 3 - 8 @ R2C7
------------------
2 7 1 0 3 9 0 0 0
4 6 9 0 7 5 8 1 0
8 3 0 0 6 0 7 0 2
0 4 2 0 0 0 0 5 8
6 0 0 0 0 0 9 7 0
0 1 0 5 0 0 0 0 4
0 0 0 0 0 8 4 6 9
7 9 0 3 4 2 0 0 0
5 0 0 0 0 1 3 0 0
------------------
Step 4 - 4 @ R1C8
------------------
2 7 1 0 3 9 0 4 0
4 6 9 0 7 5 8 1 0
8 3 0 0 6 0 7 0 2
0 4 2 0 0 0 0 5 8
6 0 0 0 0 0 9 7 0
0 1 0 5 0 0 0 0 4
0 0 0 0 0 8 4 6 9
7 9 0 3 4 2 0 0 0
5 0 0 0 0 1 3 0 0
------------------
Step 5 - 8 @ R1C4
------------------
2 7 1 8 3 9 0 4 0
4 6 9 0 7 5 8 1 0
8 3 0 0 6 0 7 0 2
0 4 2 0 0 0 0 5 8
6 0 0 0 0 0 9 7 0
0 1 0 5 0 0 0 0 4
0 0 0 0 0 8 4 6 9
7 9 0 3 4 2 0 0 0
5 0 0 0 0 1 3 0 0
------------------
Step 6 - 2 @ R2C4
------------------
2 7 1 8 3 9 0 4 0
4 6 9 2 7 5 8 1 0
8 3 0 0 6 0 7 0 2
0 4 2 0 0 0 0 5 8
6 0 0 0 0 0 9 7 0
0 1 0 5 0 0 0 0 4
0 0 0 0 0 8 4 6 9
7 9 0 3 4 2 0 0 0
5 0 0 0 0 1 3 0 0
------------------
Step 7 - 3 @ R2C9
------------------
2 7 1 8 3 9 0 4 0
4 6 9 2 7 5 8 1 3
8 3 0 0 6 0 7 0 2
0 4 2 0 0 0 0 5 8
6 0 0 0 0 0 9 7 0
0 1 0 5 0 0 0 0 4
0 0 0 0 0 8 4 6 9
7 9 0 3 4 2 0 0 0
5 0 0 0 0 1 3 0 0
------------------
Step 8 - 5 @ R3C3
------------------
2 7 1 8 3 9 0 4 0
4 6 9 2 7 5 8 1 3
8 3 5 0 6 0 7 0 2
0 4 2 0 0 0 0 5 8
6 0 0 0 0 0 9 7 0
0 1 0 5 0 0 0 0 4
0 0 0 0 0 8 4 6 9
7 9 0 3 4 2 0 0 0
5 0 0 0 0 1 3 0 0
------------------
Step 9 - 4 @ R3C6
------------------
2 7 1 8 3 9 0 4 0
4 6 9 2 7 5 8 1 3
8 3 5 0 6 4 7 0 2
0 4 2 0 0 0 0 5 8
6 0 0 0 0 0 9 7 0
0 1 0 5 0 0 0 0 4
0 0 0 0 0 8 4 6 9
7 9 0 3 4 2 0 0 0
5 0 0 0 0 1 3 0 0
------------------
Step 10 - 1 @ R3C4
------------------
2 7 1 8 3 9 0 4 0
4 6 9 2 7 5 8 1 3
8 3 5 1 6 4 7 0 2
0 4 2 0 0 0 0 5 8
6 0 0 0 0 0 9 7 0
0 1 0 5 0 0 0 0 4
0 0 0 0 0 8 4 6 9
7 9 0 3 4 2 0 0 0
5 0 0 0 0 1 3 0 0
------------------
Step 11 - 9 @ R3C8
------------------
2 7 1 8 3 9 0 4 0
4 6 9 2 7 5 8 1 3
8 3 5 1 6 4 7 9 2
0 4 2 0 0 0 0 5 8
6 0 0 0 0 0 9 7 0
0 1 0 5 0 0 0 0 4
0 0 0 0 0 8 4 6 9
7 9 0 3 4 2 0 0 0
5 0 0 0 0 1 3 0 0
------------------
Step 12 - 4 @ R5C4
------------------
2 7 1 8 3 9 0 4 0
4 6 9 2 7 5 8 1 3
8 3 5 1 6 4 7 9 2
0 4 2 0 0 0 0 5 8
6 0 0 4 0 0 9 7 0
0 1 0 5 0 0 0 0 4
0 0 0 0 0 8 4 6 9
7 9 0 3 4 2 0 0 0
5 0 0 0 0 1 3 0 0
------------------
Step 13 - 3 @ R5C6
------------------
2 7 1 8 3 9 0 4 0
4 6 9 2 7 5 8 1 3
8 3 5 1 6 4 7 9 2
0 4 2 0 0 0 0 5 8
6 0 0 4 0 3 9 7 0
0 1 0 5 0 0 0 0 4
0 0 0 0 0 8 4 6 9
7 9 0 3 4 2 0 0 0
5 0 0 0 0 1 3 0 0
------------------
Step 14 - 8 @ R5C3
------------------
2 7 1 8 3 9 0 4 0
4 6 9 2 7 5 8 1 3
8 3 5 1 6 4 7 9 2
0 4 2 0 0 0 0 5 8
6 0 8 4 0 3 9 7 0
0 1 0 5 0 0 0 0 4
0 0 0 0 0 8 4 6 9
7 9 0 3 4 2 0 0 0
5 0 0 0 0 1 3 0 0
------------------
Step 15 - 5 @ R5C2
------------------
2 7 1 8 3 9 0 4 0
4 6 9 2 7 5 8 1 3
8 3 5 1 6 4 7 9 2
0 4 2 0 0 0 0 5 8
6 5 8 4 0 3 9 7 0
0 1 0 5 0 0 0 0 4
0 0 0 0 0 8 4 6 9
7 9 0 3 4 2 0 0 0
5 0 0 0 0 1 3 0 0
------------------
Step 16 - 1 @ R5C9
------------------
2 7 1 8 3 9 0 4 0
4 6 9 2 7 5 8 1 3
8 3 5 1 6 4 7 9 2
0 4 2 0 0 0 0 5 8
6 5 8 4 0 3 9 7 1
0 1 0 5 0 0 0 0 4
0 0 0 0 0 8 4 6 9
7 9 0 3 4 2 0 0 0
5 0 0 0 0 1 3 0 0
------------------
Step 17 - 6 @ R4C7
------------------
2 7 1 8 3 9 0 4 0
4 6 9 2 7 5 8 1 3
8 3 5 1 6 4 7 9 2
0 4 2 0 0 0 6 5 8
6 5 8 4 0 3 9 7 1
0 1 0 5 0 0 0 0 4
0 0 0 0 0 8 4 6 9
7 9 0 3 4 2 0 0 0
5 0 0 0 0 1 3 0 0
------------------
Step 18 - 5 @ R1C7
------------------
2 7 1 8 3 9 5 4 0
4 6 9 2 7 5 8 1 3
8 3 5 1 6 4 7 9 2
0 4 2 0 0 0 6 5 8
6 5 8 4 0 3 9 7 1
0 1 0 5 0 0 0 0 4
0 0 0 0 0 8 4 6 9
7 9 0 3 4 2 0 0 0
5 0 0 0 0 1 3 0 0
------------------
Step 19 - 6 @ R1C9
------------------
2 7 1 8 3 9 5 4 6
4 6 9 2 7 5 8 1 3
8 3 5 1 6 4 7 9 2
0 4 2 0 0 0 6 5 8
6 5 8 4 0 3 9 7 1
0 1 0 5 0 0 0 0 4
0 0 0 0 0 8 4 6 9
7 9 0 3 4 2 0 0 0
5 0 0 0 0 1 3 0 0
------------------
Step 20 - 7 @ R4C6
------------------
2 7 1 8 3 9 5 4 6
4 6 9 2 7 5 8 1 3
8 3 5 1 6 4 7 9 2
0 4 2 0 0 7 6 5 8
6 5 8 4 0 3 9 7 1
0 1 0 5 0 0 0 0 4
0 0 0 0 0 8 4 6 9
7 9 0 3 4 2 0 0 0
5 0 0 0 0 1 3 0 0
------------------
Step 21 - 9 @ R4C4
------------------
2 7 1 8 3 9 5 4 6
4 6 9 2 7 5 8 1 3
8 3 5 1 6 4 7 9 2
0 4 2 9 0 7 6 5 8
6 5 8 4 0 3 9 7 1
0 1 0 5 0 0 0 0 4
0 0 0 0 0 8 4 6 9
7 9 0 3 4 2 0 0 0
5 0 0 0 0 1 3 0 0
------------------
Step 22 - 3 @ R4C1
------------------
2 7 1 8 3 9 5 4 6
4 6 9 2 7 5 8 1 3
8 3 5 1 6 4 7 9 2
3 4 2 9 0 7 6 5 8
6 5 8 4 0 3 9 7 1
0 1 0 5 0 0 0 0 4
0 0 0 0 0 8 4 6 9
7 9 0 3 4 2 0 0 0
5 0 0 0 0 1 3 0 0
------------------
Step 23 - 1 @ R4C5
------------------
2 7 1 8 3 9 5 4 6
4 6 9 2 7 5 8 1 3
8 3 5 1 6 4 7 9 2
3 4 2 9 1 7 6 5 8
6 5 8 4 0 3 9 7 1
0 1 0 5 0 0 0 0 4
0 0 0 0 0 8 4 6 9
7 9 0 3 4 2 0 0 0
5 0 0 0 0 1 3 0 0
------------------
Step 24 - 2 @ R5C5
------------------
2 7 1 8 3 9 5 4 6
4 6 9 2 7 5 8 1 3
8 3 5 1 6 4 7 9 2
3 4 2 9 1 7 6 5 8
6 5 8 4 2 3 9 7 1
0 1 0 5 0 0 0 0 4
0 0 0 0 0 8 4 6 9
7 9 0 3 4 2 0 0 0
5 0 0 0 0 1 3 0 0
------------------
Step 25 - 9 @ R6C1
------------------
2 7 1 8 3 9 5 4 6
4 6 9 2 7 5 8 1 3
8 3 5 1 6 4 7 9 2
3 4 2 9 1 7 6 5 8
6 5 8 4 2 3 9 7 1
9 1 0 5 0 0 0 0 4
0 0 0 0 0 8 4 6 9
7 9 0 3 4 2 0 0 0
5 0 0 0 0 1 3 0 0
------------------
Step 26 - 7 @ R6C3
------------------
2 7 1 8 3 9 5 4 6
4 6 9 2 7 5 8 1 3
8 3 5 1 6 4 7 9 2
3 4 2 9 1 7 6 5 8
6 5 8 4 2 3 9 7 1
9 1 7 5 0 0 0 0 4
0 0 0 0 0 8 4 6 9
7 9 0 3 4 2 0 0 0
5 0 0 0 0 1 3 0 0
------------------
Step 27 - 8 @ R6C5
------------------
2 7 1 8 3 9 5 4 6
4 6 9 2 7 5 8 1 3
8 3 5 1 6 4 7 9 2
3 4 2 9 1 7 6 5 8
6 5 8 4 2 3 9 7 1
9 1 7 5 8 0 0 0 4
0 0 0 0 0 8 4 6 9
7 9 0 3 4 2 0 0 0
5 0 0 0 0 1 3 0 0
------------------
Step 28 - 6 @ R6C6
------------------
2 7 1 8 3 9 5 4 6
4 6 9 2 7 5 8 1 3
8 3 5 1 6 4 7 9 2
3 4 2 9 1 7 6 5 8
6 5 8 4 2 3 9 7 1
9 1 7 5 8 6 0 0 4
0 0 0 0 0 8 4 6 9
7 9 0 3 4 2 0 0 0
5 0 0 0 0 1 3 0 0
------------------
Step 29 - 2 @ R6C7
------------------
2 7 1 8 3 9 5 4 6
4 6 9 2 7 5 8 1 3
8 3 5 1 6 4 7 9 2
3 4 2 9 1 7 6 5 8
6 5 8 4 2 3 9 7 1
9 1 7 5 8 6 2 0 4
0 0 0 0 0 8 4 6 9
7 9 0 3 4 2 0 0 0
5 0 0 0 0 1 3 0 0
------------------
Step 30 - 3 @ R6C8
------------------
2 7 1 8 3 9 5 4 6
4 6 9 2 7 5 8 1 3
8 3 5 1 6 4 7 9 2
3 4 2 9 1 7 6 5 8
6 5 8 4 2 3 9 7 1
9 1 7 5 8 6 2 3 4
0 0 0 0 0 8 4 6 9
7 9 0 3 4 2 0 0 0
5 0 0 0 0 1 3 0 0
------------------
Step 31 - 1 @ R7C1
------------------
2 7 1 8 3 9 5 4 6
4 6 9 2 7 5 8 1 3
8 3 5 1 6 4 7 9 2
3 4 2 9 1 7 6 5 8
6 5 8 4 2 3 9 7 1
9 1 7 5 8 6 2 3 4
1 0 0 0 0 8 4 6 9
7 9 0 3 4 2 0 0 0
5 0 0 0 0 1 3 0 0
------------------
Step 32 - 2 @ R7C2
------------------
2 7 1 8 3 9 5 4 6
4 6 9 2 7 5 8 1 3
8 3 5 1 6 4 7 9 2
3 4 2 9 1 7 6 5 8
6 5 8 4 2 3 9 7 1
9 1 7 5 8 6 2 3 4
1 2 0 0 0 8 4 6 9
7 9 0 3 4 2 0 0 0
5 0 0 0 0 1 3 0 0
------------------
Step 33 - 3 @ R7C3
------------------
2 7 1 8 3 9 5 4 6
4 6 9 2 7 5 8 1 3
8 3 5 1 6 4 7 9 2
3 4 2 9 1 7 6 5 8
6 5 8 4 2 3 9 7 1
9 1 7 5 8 6 2 3 4
1 2 3 0 0 8 4 6 9
7 9 0 3 4 2 0 0 0
5 0 0 0 0 1 3 0 0
------------------
Step 34 - 7 @ R7C4
------------------
2 7 1 8 3 9 5 4 6
4 6 9 2 7 5 8 1 3
8 3 5 1 6 4 7 9 2
3 4 2 9 1 7 6 5 8
6 5 8 4 2 3 9 7 1
9 1 7 5 8 6 2 3 4
1 2 3 7 0 8 4 6 9
7 9 0 3 4 2 0 0 0
5 0 0 0 0 1 3 0 0
------------------
Step 35 - 5 @ R7C5
------------------
2 7 1 8 3 9 5 4 6
4 6 9 2 7 5 8 1 3
8 3 5 1 6 4 7 9 2
3 4 2 9 1 7 6 5 8
6 5 8 4 2 3 9 7 1
9 1 7 5 8 6 2 3 4
1 2 3 7 5 8 4 6 9
7 9 0 3 4 2 0 0 0
5 0 0 0 0 1 3 0 0
------------------
Step 36 - 6 @ R8C3
------------------
2 7 1 8 3 9 5 4 6
4 6 9 2 7 5 8 1 3
8 3 5 1 6 4 7 9 2
3 4 2 9 1 7 6 5 8
6 5 8 4 2 3 9 7 1
9 1 7 5 8 6 2 3 4
1 2 3 7 5 8 4 6 9
7 9 6 3 4 2 0 0 0
5 0 0 0 0 1 3 0 0
------------------
Step 37 - 1 @ R8C7
------------------
2 7 1 8 3 9 5 4 6
4 6 9 2 7 5 8 1 3
8 3 5 1 6 4 7 9 2
3 4 2 9 1 7 6 5 8
6 5 8 4 2 3 9 7 1
9 1 7 5 8 6 2 3 4
1 2 3 7 5 8 4 6 9
7 9 6 3 4 2 1 0 0
5 0 0 0 0 1 3 0 0
------------------
Step 38 - 8 @ R8C8
------------------
2 7 1 8 3 9 5 4 6
4 6 9 2 7 5 8 1 3
8 3 5 1 6 4 7 9 2
3 4 2 9 1 7 6 5 8
6 5 8 4 2 3 9 7 1
9 1 7 5 8 6 2 3 4
1 2 3 7 5 8 4 6 9
7 9 6 3 4 2 1 8 0
5 0 0 0 0 1 3 0 0
------------------
Step 39 - 5 @ R8C9
------------------
2 7 1 8 3 9 5 4 6
4 6 9 2 7 5 8 1 3
8 3 5 1 6 4 7 9 2
3 4 2 9 1 7 6 5 8
6 5 8 4 2 3 9 7 1
9 1 7 5 8 6 2 3 4
1 2 3 7 5 8 4 6 9
7 9 6 3 4 2 1 8 5
5 0 0 0 0 1 3 0 0
------------------
Step 40 - 8 @ R9C2
------------------
2 7 1 8 3 9 5 4 6
4 6 9 2 7 5 8 1 3
8 3 5 1 6 4 7 9 2
3 4 2 9 1 7 6 5 8
6 5 8 4 2 3 9 7 1
9 1 7 5 8 6 2 3 4
1 2 3 7 5 8 4 6 9
7 9 6 3 4 2 1 8 5
5 8 0 0 0 1 3 0 0
------------------
Step 41 - 4 @ R9C3
------------------
2 7 1 8 3 9 5 4 6
4 6 9 2 7 5 8 1 3
8 3 5 1 6 4 7 9 2
3 4 2 9 1 7 6 5 8
6 5 8 4 2 3 9 7 1
9 1 7 5 8 6 2 3 4
1 2 3 7 5 8 4 6 9
7 9 6 3 4 2 1 8 5
5 8 4 0 0 1 3 0 0
------------------
Step 42 - 6 @ R9C4
------------------
2 7 1 8 3 9 5 4 6
4 6 9 2 7 5 8 1 3
8 3 5 1 6 4 7 9 2
3 4 2 9 1 7 6 5 8
6 5 8 4 2 3 9 7 1
9 1 7 5 8 6 2 3 4
1 2 3 7 5 8 4 6 9
7 9 6 3 4 2 1 8 5
5 8 4 6 0 1 3 0 0
------------------
Step 43 - 9 @ R9C5
------------------
2 7 1 8 3 9 5 4 6
4 6 9 2 7 5 8 1 3
8 3 5 1 6 4 7 9 2
3 4 2 9 1 7 6 5 8
6 5 8 4 2 3 9 7 1
9 1 7 5 8 6 2 3 4
1 2 3 7 5 8 4 6 9
7 9 6 3 4 2 1 8 5
5 8 4 6 9 1 3 0 0
------------------
Step 44 - 2 @ R9C8
------------------
2 7 1 8 3 9 5 4 6
4 6 9 2 7 5 8 1 3
8 3 5 1 6 4 7 9 2
3 4 2 9 1 7 6 5 8
6 5 8 4 2 3 9 7 1
9 1 7 5 8 6 2 3 4
1 2 3 7 5 8 4 6 9
7 9 6 3 4 2 1 8 5
5 8 4 6 9 1 3 2 0
------------------
Step 45 - 7 @ R9C9
------------------
2 7 1 8 3 9 5 4 6
4 6 9 2 7 5 8 1 3
8 3 5 1 6 4 7 9 2
3 4 2 9 1 7 6 5 8
6 5 8 4 2 3 9 7 1
9 1 7 5 8 6 2 3 4
1 2 3 7 5 8 4 6 9
7 9 6 3 4 2 1 8 5
5 8 4 6 9 1 3 2 7
------------------